2018/07/22 12:45:06.204486 [INFO] initialize_python
2018/07/22 12:45:06.209851 [INFO] ModelRecognition
2018/07/22 12:45:06.209866 [INFO] init_
2018/07/22 12:45:06.209872 [INFO] Home
2018/07/22 12:45:06.209875 [INFO] readHomeSetup
2018/07/22 12:45:06.209981 [INFO] createDistinctLocationIndex
2018/07/22 12:45:06.209998 [INFO] readConfig
2018/07/22 12:45:06.210045 [INFO] checkTimeWindowParameters
2018/07/22 12:45:06.210053 [INFO] FeatureWriter
2018/07/22 12:45:06.210058 [INFO] ../data_sets/aruba/model_recognition/_0_950000/
2018/07/22 12:45:06.210098 [INFO] FeatureReader
2018/07/22 12:45:06.210103 [INFO] readHomeSetup
2018/07/22 12:45:06.210107 [INFO] FeatureProcessor
2018/07/22 12:45:06.210110 [INFO] readHomeSetup
2018/07/22 12:45:06.210114 [INFO] SimilarityMeasure
2018/07/22 12:45:06.210117 [INFO] Home
2018/07/22 12:45:06.210121 [INFO] readHomeSetup
2018/07/22 12:45:06.210209 [INFO] createDistinctLocationIndex
2018/07/22 12:45:06.210223 [INFO] readConfig
2018/07/22 12:45:06.210264 [INFO] checkTimeWindowParameters
2018/07/22 12:45:06.210271 [INFO] readFeatures
2018/07/22 12:45:06.210275 [INFO] readBetweenDayClusterFeatures_
2018/07/22 12:45:06.210280 [INFO] ../data_sets/aruba/hierachal_cluste_result/_0_950000/
2018/07/22 12:45:06.210283 [INFO] readActivityFile_
2018/07/22 12:45:06.644013 [INFO] readDiscoveredPatternsFile_
2018/07/22 12:45:06.654911 [INFO] readSensorDurationsFile_
2018/07/22 12:45:10.699428 [INFO] readSequencePatternsFile_
2018/07/22 12:45:11.097635 [INFO] readDayNames_
2018/07/22 12:45:11.517733 [INFO] readTimeIndex_
2018/07/22 12:45:11.927594 [INFO] PythonRunner
2018/07/22 12:45:11.927625 [INFO] script_location:../data_sets/aruba/model_recognition/
2018/07/22 12:45:11.927630 [INFO] init_
2018/07/22 12:45:11.927635 [INFO] Home
2018/07/22 12:45:11.927639 [INFO] readHomeSetup
2018/07/22 12:45:11.927750 [INFO] createDistinctLocationIndex
2018/07/22 12:45:11.927767 [INFO] readConfig
2018/07/22 12:45:11.927813 [INFO] checkTimeWindowParameters
2018/07/22 12:45:11.927819 [INFO] initPython
2018/07/22 12:45:11.980030 [INFO] readFeatures
2018/07/22 12:45:11.980057 [INFO] readWithinDayClusterFeatures_
2018/07/22 12:45:11.980377 [INFO] ../data_sets/aruba/within_day_cluster_result/_5_5/2010-11-04/
2018/07/22 12:45:11.980387 [INFO] readActivityFile_
2018/07/22 12:45:11.982942 [INFO] readDiscoveredPatternsFile_
2018/07/22 12:45:11.983306 [INFO] readSensorDurationsFile_
2018/07/22 12:45:12.010340 [INFO] readSequencePatternsFile_
2018/07/22 12:45:12.013184 [INFO] AssignTimeIndexPerPattern_
2018/07/22 12:45:12.013235 [INFO] assignDayName_
2018/07/22 12:45:12.013433 [INFO] ../data_sets/aruba/within_day_cluster_result/_5_5/2010-11-05/
2018/07/22 12:45:12.013441 [INFO] readActivityFile_
2018/07/22 12:45:12.016106 [INFO] readDiscoveredPatternsFile_
2018/07/22 12:45:12.016486 [INFO] readSensorDurationsFile_
2018/07/22 12:45:12.040587 [INFO] readSequencePatternsFile_
2018/07/22 12:45:12.042379 [INFO] AssignTimeIndexPerPattern_
2018/07/22 12:45:12.042424 [INFO] assignDayName_
2018/07/22 12:45:12.042572 [INFO] ../data_sets/aruba/within_day_cluster_result/_5_5/2010-11-06/
2018/07/22 12:45:12.042577 [INFO] readActivityFile_
2018/07/22 12:45:12.044369 [INFO] readDiscoveredPatternsFile_
2018/07/22 12:45:12.044600 [INFO] readSensorDurationsFile_
2018/07/22 12:45:12.063556 [INFO] readSequencePatternsFile_
2018/07/22 12:45:12.066518 [INFO] AssignTimeIndexPerPattern_
2018/07/22 12:45:12.066597 [INFO] assignDayName_
2018/07/22 12:45:12.066810 [INFO] ../data_sets/aruba/within_day_cluster_result/_5_5/2010-11-07/
2018/07/22 12:45:12.066820 [INFO] readActivityFile_
2018/07/22 12:45:12.069669 [INFO] readDiscoveredPatternsFile_
2018/07/22 12:45:12.070105 [INFO] readSensorDurationsFile_
2018/07/22 12:45:12.095161 [INFO] readSequencePatternsFile_
2018/07/22 12:45:12.096957 [INFO] AssignTimeIndexPerPattern_
2018/07/22 12:45:12.097001 [INFO] assignDayName_
2018/07/22 12:45:12.097136 [INFO] ../data_sets/aruba/within_day_cluster_result/_5_5/2010-11-08/
2018/07/22 12:45:12.097141 [INFO] readActivityFile_
2018/07/22 12:45:12.098820 [INFO] readDiscoveredPatternsFile_
2018/07/22 12:45:12.099045 [INFO] readSensorDurationsFile_
2018/07/22 12:45:12.115960 [INFO] readSequencePatternsFile_
2018/07/22 12:45:12.117746 [INFO] AssignTimeIndexPerPattern_
2018/07/22 12:45:12.117791 [INFO] assignDayName_
2018/07/22 12:45:12.117933 [INFO] ../data_sets/aruba/within_day_cluster_result/_5_5/2010-11-09/
2018/07/22 12:45:12.117939 [INFO] readActivityFile_
2018/07/22 12:45:12.119692 [INFO] readDiscoveredPatternsFile_
2018/07/22 12:45:12.119920 [INFO] readSensorDurationsFile_
2018/07/22 12:45:12.137994 [INFO] readSequencePatternsFile_
2018/07/22 12:45:12.139844 [INFO] AssignTimeIndexPerPattern_
2018/07/22 12:45:12.139892 [INFO] assignDayName_
2018/07/22 12:45:12.140042 [INFO] ../data_sets/aruba/within_day_cluster_result/_5_5/2010-11-10/
2018/07/22 12:45:12.140048 [INFO] readActivityFile_
2018/07/22 12:45:12.141952 [INFO] readDiscoveredPatternsFile_
2018/07/22 12:45:12.142131 [INFO] readSensorDurationsFile_
2018/07/22 12:45:12.160524 [INFO] readSequencePatternsFile_
2018/07/22 12:45:12.162397 [INFO] AssignTimeIndexPerPattern_
2018/07/22 12:45:12.162445 [INFO] assignDayName_
2018/07/22 12:45:12.162596 [INFO] ../data_sets/aruba/within_day_cluster_result/_5_5/2010-11-11/
2018/07/22 12:45:12.162602 [INFO] readActivityFile_
2018/07/22 12:45:12.164444 [INFO] readDiscoveredPatternsFile_
2018/07/22 12:45:12.164667 [INFO] readSensorDurationsFile_
2018/07/22 12:45:12.183346 [INFO] readSequencePatternsFile_
2018/07/22 12:45:12.185303 [INFO] AssignTimeIndexPerPattern_
2018/07/22 12:45:12.185367 [INFO] assignDayName_
2018/07/22 12:45:12.185519 [INFO] ../data_sets/aruba/within_day_cluster_result/_5_5/2010-11-12/
2018/07/22 12:45:12.185524 [INFO] readActivityFile_
2018/07/22 12:45:12.187393 [INFO] readDiscoveredPatternsFile_
2018/07/22 12:45:12.187620 [INFO] readSensorDurationsFile_
2018/07/22 12:45:12.206403 [INFO] readSequencePatternsFile_
2018/07/22 12:45:12.208337 [INFO] AssignTimeIndexPerPattern_
2018/07/22 12:45:12.208385 [INFO] assignDayName_
2018/07/22 12:45:12.208548 [INFO] ../data_sets/aruba/within_day_cluster_result/_5_5/2010-11-13/
2018/07/22 12:45:12.208555 [INFO] readActivityFile_
2018/07/22 12:45:12.210450 [INFO] readDiscoveredPatternsFile_
2018/07/22 12:45:12.210640 [INFO] readSensorDurationsFile_
2018/07/22 12:45:12.229389 [INFO] readSequencePatternsFile_
2018/07/22 12:45:12.231253 [INFO] AssignTimeIndexPerPattern_
2018/07/22 12:45:12.231300 [INFO] assignDayName_
2018/07/22 12:45:12.231451 [INFO] ../data_sets/aruba/within_day_cluster_result/_5_5/2010-11-14/
2018/07/22 12:45:12.231456 [INFO] readActivityFile_
2018/07/22 12:45:12.233272 [INFO] readDiscoveredPatternsFile_
2018/07/22 12:45:12.233447 [INFO] readSensorDurationsFile_
2018/07/22 12:45:12.252320 [INFO] readSequencePatternsFile_
2018/07/22 12:45:12.254246 [INFO] AssignTimeIndexPerPattern_
2018/07/22 12:45:12.254299 [INFO] assignDayName_
2018/07/22 12:45:12.254454 [INFO] ../data_sets/aruba/within_day_cluster_result/_5_5/2010-11-15/
2018/07/22 12:45:12.254460 [INFO] readActivityFile_
2018/07/22 12:45:12.256408 [INFO] readDiscoveredPatternsFile_
2018/07/22 12:45:12.256593 [INFO] readSensorDurationsFile_
2018/07/22 12:45:12.275336 [INFO] readSequencePatternsFile_
2018/07/22 12:45:12.277234 [INFO] AssignTimeIndexPerPattern_
2018/07/22 12:45:12.277283 [INFO] assignDayName_
2018/07/22 12:45:12.277438 [INFO] ../data_sets/aruba/within_day_cluster_result/_5_5/2010-11-16/
2018/07/22 12:45:12.277444 [INFO] readActivityFile_
2018/07/22 12:45:12.279417 [INFO] readDiscoveredPatternsFile_
2018/07/22 12:45:12.279650 [INFO] readSensorDurationsFile_
2018/07/22 12:45:12.298407 [INFO] readSequencePatternsFile_
2018/07/22 12:45:12.300303 [INFO] AssignTimeIndexPerPattern_
2018/07/22 12:45:12.300350 [INFO] assignDayName_
2018/07/22 12:45:12.300510 [INFO] ../data_sets/aruba/within_day_cluster_result/_5_5/2010-11-17/
2018/07/22 12:45:12.300517 [INFO] readActivityFile_
2018/07/22 12:45:12.302478 [INFO] readDiscoveredPatternsFile_
2018/07/22 12:45:12.302640 [INFO] readSensorDurationsFile_
2018/07/22 12:45:12.321543 [INFO] readSequencePatternsFile_
2018/07/22 12:45:12.323525 [INFO] AssignTimeIndexPerPattern_
2018/07/22 12:45:12.323581 [INFO] assignDayName_
2018/07/22 12:45:12.323737 [INFO] ../data_sets/aruba/within_day_cluster_result/_5_5/2010-11-18/
2018/07/22 12:45:12.323743 [INFO] readActivityFile_
2018/07/22 12:45:12.325676 [INFO] readDiscoveredPatternsFile_
2018/07/22 12:45:12.325868 [INFO] readSensorDurationsFile_
2018/07/22 12:45:12.344589 [INFO] readSequencePatternsFile_
2018/07/22 12:45:12.346467 [INFO] AssignTimeIndexPerPattern_
2018/07/22 12:45:12.346514 [INFO] assignDayName_
2018/07/22 12:45:12.346665 [INFO] ../data_sets/aruba/within_day_cluster_result/_5_5/2010-11-19/
2018/07/22 12:45:12.346670 [INFO] readActivityFile_
2018/07/22 12:45:12.348544 [INFO] readDiscoveredPatternsFile_
2018/07/22 12:45:12.348715 [INFO] readSensorDurationsFile_
2018/07/22 12:45:12.367404 [INFO] readSequencePatternsFile_
2018/07/22 12:45:12.369368 [INFO] AssignTimeIndexPerPattern_
2018/07/22 12:45:12.369416 [INFO] assignDayName_
2018/07/22 12:45:12.369565 [INFO] ../data_sets/aruba/within_day_cluster_result/_5_5/2010-11-20/
2018/07/22 12:45:12.369571 [INFO] readActivityFile_
2018/07/22 12:45:12.371362 [INFO] readDiscoveredPatternsFile_
2018/07/22 12:45:12.371660 [INFO] readSensorDurationsFile_
2018/07/22 12:45:12.390478 [INFO] readSequencePatternsFile_
2018/07/22 12:45:12.392377 [INFO] AssignTimeIndexPerPattern_
2018/07/22 12:45:12.392425 [INFO] assignDayName_
2018/07/22 12:45:12.392586 [INFO] ../data_sets/aruba/within_day_cluster_result/_5_5/2010-11-21/
2018/07/22 12:45:12.392594 [INFO] readActivityFile_
2018/07/22 12:45:12.394503 [INFO] readDiscoveredPatternsFile_
2018/07/22 12:45:12.394693 [INFO] readSensorDurationsFile_
2018/07/22 12:45:12.413431 [INFO] readSequencePatternsFile_
2018/07/22 12:45:12.415332 [INFO] AssignTimeIndexPerPattern_
2018/07/22 12:45:12.415381 [INFO] assignDayName_
2018/07/22 12:45:12.415537 [INFO] ../data_sets/aruba/within_day_cluster_result/_5_5/2010-11-22/
2018/07/22 12:45:12.415543 [INFO] readActivityFile_
2018/07/22 12:45:12.417422 [INFO] readDiscoveredPatternsFile_
2018/07/22 12:45:12.417649 [INFO] readSensorDurationsFile_
2018/07/22 12:45:12.436350 [INFO] readSequencePatternsFile_
2018/07/22 12:45:12.438244 [INFO] AssignTimeIndexPerPattern_
2018/07/22 12:45:12.438293 [INFO] assignDayName_
2018/07/22 12:45:12.438448 [INFO] ../data_sets/aruba/within_day_cluster_result/_5_5/2010-11-23/
2018/07/22 12:45:12.438453 [INFO] readActivityFile_
2018/07/22 12:45:12.440368 [INFO] readDiscoveredPatternsFile_
2018/07/22 12:45:12.440588 [INFO] readSensorDurationsFile_
2018/07/22 12:45:12.459311 [INFO] readSequencePatternsFile_
2018/07/22 12:45:12.461271 [INFO] AssignTimeIndexPerPattern_
2018/07/22 12:45:12.461371 [INFO] assignDayName_
2018/07/22 12:45:12.461522 [INFO] ../data_sets/aruba/within_day_cluster_result/_5_5/2010-11-24/
2018/07/22 12:45:12.461528 [INFO] readActivityFile_
2018/07/22 12:45:12.463352 [INFO] readDiscoveredPatternsFile_
2018/07/22 12:45:12.463556 [INFO] readSensorDurationsFile_
2018/07/22 12:45:12.482270 [INFO] readSequencePatternsFile_
2018/07/22 12:45:12.484224 [INFO] AssignTimeIndexPerPattern_
2018/07/22 12:45:12.484271 [INFO] assignDayName_
2018/07/22 12:45:12.484463 [INFO] ../data_sets/aruba/within_day_cluster_result/_5_5/2010-11-25/
2018/07/22 12:45:12.484469 [INFO] readActivityFile_
2018/07/22 12:45:12.486345 [INFO] readDiscoveredPatternsFile_
2018/07/22 12:45:12.486592 [INFO] readSensorDurationsFile_
2018/07/22 12:45:12.505458 [INFO] readSequencePatternsFile_
2018/07/22 12:45:12.507413 [INFO] AssignTimeIndexPerPattern_
2018/07/22 12:45:12.507461 [INFO] assignDayName_
2018/07/22 12:45:12.507612 [INFO] ../data_sets/aruba/within_day_cluster_result/_5_5/2010-11-26/
2018/07/22 12:45:12.507617 [INFO] readActivityFile_
2018/07/22 12:45:12.509526 [INFO] readDiscoveredPatternsFile_
2018/07/22 12:45:12.509738 [INFO] readSensorDurationsFile_
2018/07/22 12:45:12.528521 [INFO] readSequencePatternsFile_
2018/07/22 12:45:12.530490 [INFO] AssignTimeIndexPerPattern_
2018/07/22 12:45:12.530537 [INFO] assignDayName_
2018/07/22 12:45:12.530687 [INFO] ../data_sets/aruba/within_day_cluster_result/_5_5/2010-11-27/
2018/07/22 12:45:12.530698 [INFO] readActivityFile_
2018/07/22 12:45:12.532523 [INFO] readDiscoveredPatternsFile_
2018/07/22 12:45:12.532710 [INFO] readSensorDurationsFile_
2018/07/22 12:45:12.551500 [INFO] readSequencePatternsFile_
2018/07/22 12:45:12.553339 [INFO] AssignTimeIndexPerPattern_
2018/07/22 12:45:12.553386 [INFO] assignDayName_
2018/07/22 12:45:12.553537 [INFO] ../data_sets/aruba/within_day_cluster_result/_5_5/2010-11-28/
2018/07/22 12:45:12.553543 [INFO] readActivityFile_
2018/07/22 12:45:12.555342 [INFO] readDiscoveredPatternsFile_
2018/07/22 12:45:12.555563 [INFO] readSensorDurationsFile_
2018/07/22 12:45:12.574494 [INFO] readSequencePatternsFile_
2018/07/22 12:45:12.576373 [INFO] AssignTimeIndexPerPattern_
2018/07/22 12:45:12.576420 [INFO] assignDayName_
2018/07/22 12:45:12.576577 [INFO] ../data_sets/aruba/within_day_cluster_result/_5_5/2010-11-29/
2018/07/22 12:45:12.576584 [INFO] readActivityFile_
2018/07/22 12:45:12.578415 [INFO] readDiscoveredPatternsFile_
2018/07/22 12:45:12.578620 [INFO] readSensorDurationsFile_
2018/07/22 12:45:12.597430 [INFO] readSequencePatternsFile_
2018/07/22 12:45:12.599280 [INFO] AssignTimeIndexPerPattern_
2018/07/22 12:45:12.599327 [INFO] assignDayName_
2018/07/22 12:45:12.599478 [INFO] ../data_sets/aruba/within_day_cluster_result/_5_5/2010-11-30/
2018/07/22 12:45:12.599483 [INFO] readActivityFile_
2018/07/22 12:45:12.601357 [INFO] readDiscoveredPatternsFile_
2018/07/22 12:45:12.601635 [INFO] readSensorDurationsFile_
2018/07/22 12:45:12.620374 [INFO] readSequencePatternsFile_
2018/07/22 12:45:12.622286 [INFO] AssignTimeIndexPerPattern_
2018/07/22 12:45:12.622337 [INFO] assignDayName_
2018/07/22 12:45:12.622495 [INFO] ../data_sets/aruba/within_day_cluster_result/_5_5/2010-12-01/
2018/07/22 12:45:12.622501 [INFO] readActivityFile_
2018/07/22 12:45:12.624522 [INFO] readDiscoveredPatternsFile_
2018/07/22 12:45:12.624735 [INFO] readSensorDurationsFile_
2018/07/22 12:45:12.643471 [INFO] readSequencePatternsFile_
2018/07/22 12:45:12.645308 [INFO] AssignTimeIndexPerPattern_
2018/07/22 12:45:12.645356 [INFO] assignDayName_
2018/07/22 12:45:12.645505 [INFO] ../data_sets/aruba/within_day_cluster_result/_5_5/2010-12-02/
2018/07/22 12:45:12.645511 [INFO] readActivityFile_
2018/07/22 12:45:12.647418 [INFO] readDiscoveredPatternsFile_
2018/07/22 12:45:12.647598 [INFO] readSensorDurationsFile_
2018/07/22 12:45:12.666337 [INFO] readSequencePatternsFile_
2018/07/22 12:45:12.668230 [INFO] AssignTimeIndexPerPattern_
2018/07/22 12:45:12.668278 [INFO] assignDayName_
2018/07/22 12:45:12.668433 [INFO] ../data_sets/aruba/within_day_cluster_result/_5_5/2010-12-03/
2018/07/22 12:45:12.668439 [INFO] readActivityFile_
2018/07/22 12:45:12.670381 [INFO] readDiscoveredPatternsFile_
2018/07/22 12:45:12.670568 [INFO] readSensorDurationsFile_
2018/07/22 12:45:12.689315 [INFO] readSequencePatternsFile_
2018/07/22 12:45:12.691191 [INFO] AssignTimeIndexPerPattern_
2018/07/22 12:45:12.691238 [INFO] assignDayName_
2018/07/22 12:45:12.691388 [INFO] ../data_sets/aruba/within_day_cluster_result/_5_5/2010-12-04/
2018/07/22 12:45:12.691394 [INFO] readActivityFile_
2018/07/22 12:45:12.693256 [INFO] readDiscoveredPatternsFile_
2018/07/22 12:45:12.693467 [INFO] readSensorDurationsFile_
2018/07/22 12:45:12.712214 [INFO] readSequencePatternsFile_
2018/07/22 12:45:12.714062 [INFO] AssignTimeIndexPerPattern_
2018/07/22 12:45:12.714112 [INFO] assignDayName_
2018/07/22 12:45:12.714263 [INFO] ../data_sets/aruba/within_day_cluster_result/_5_5/2010-12-05/
2018/07/22 12:45:12.714269 [INFO] readActivityFile_
2018/07/22 12:45:12.716166 [INFO] readDiscoveredPatternsFile_
2018/07/22 12:45:12.716470 [INFO] readSensorDurationsFile_
2018/07/22 12:45:12.735268 [INFO] readSequencePatternsFile_
2018/07/22 12:45:12.737143 [INFO] AssignTimeIndexPerPattern_
2018/07/22 12:45:12.737191 [INFO] assignDayName_
2018/07/22 12:45:12.737341 [INFO] ../data_sets/aruba/within_day_cluster_result/_5_5/2010-12-06/
2018/07/22 12:45:12.737347 [INFO] readActivityFile_
2018/07/22 12:45:12.739163 [INFO] readDiscoveredPatternsFile_
2018/07/22 12:45:12.739464 [INFO] readSensorDurationsFile_
2018/07/22 12:45:12.758252 [INFO] readSequencePatternsFile_
2018/07/22 12:45:12.760126 [INFO] AssignTimeIndexPerPattern_
2018/07/22 12:45:12.760174 [INFO] assignDayName_
2018/07/22 12:45:12.760340 [INFO] ../data_sets/aruba/within_day_cluster_result/_5_5/2010-12-07/
2018/07/22 12:45:12.760346 [INFO] readActivityFile_
2018/07/22 12:45:12.762308 [INFO] readDiscoveredPatternsFile_
2018/07/22 12:45:12.762597 [INFO] readSensorDurationsFile_
2018/07/22 12:45:12.781319 [INFO] readSequencePatternsFile_
2018/07/22 12:45:12.783241 [INFO] AssignTimeIndexPerPattern_
2018/07/22 12:45:12.783296 [INFO] assignDayName_
2018/07/22 12:45:12.783469 [INFO] ../data_sets/aruba/within_day_cluster_result/_5_5/2010-12-08/
2018/07/22 12:45:12.783475 [INFO] readActivityFile_
2018/07/22 12:45:12.785422 [INFO] readDiscoveredPatternsFile_
2018/07/22 12:45:12.785642 [INFO] readSensorDurationsFile_
2018/07/22 12:45:12.804315 [INFO] readSequencePatternsFile_
2018/07/22 12:45:12.806184 [INFO] AssignTimeIndexPerPattern_
2018/07/22 12:45:12.806233 [INFO] assignDayName_
2018/07/22 12:45:12.806384 [INFO] ../data_sets/aruba/within_day_cluster_result/_5_5/2010-12-09/
2018/07/22 12:45:12.806390 [INFO] readActivityFile_
2018/07/22 12:45:12.808265 [INFO] readDiscoveredPatternsFile_
2018/07/22 12:45:12.808477 [INFO] readSensorDurationsFile_
2018/07/22 12:45:12.827222 [INFO] readSequencePatternsFile_
2018/07/22 12:45:12.829126 [INFO] AssignTimeIndexPerPattern_
2018/07/22 12:45:12.829178 [INFO] assignDayName_
2018/07/22 12:45:12.829349 [INFO] ../data_sets/aruba/within_day_cluster_result/_5_5/2010-12-10/
2018/07/22 12:45:12.829355 [INFO] readActivityFile_
2018/07/22 12:45:12.831306 [INFO] readDiscoveredPatternsFile_
2018/07/22 12:45:12.831479 [INFO] readSensorDurationsFile_
2018/07/22 12:45:12.850067 [INFO] readSequencePatternsFile_
2018/07/22 12:45:12.851904 [INFO] AssignTimeIndexPerPattern_
2018/07/22 12:45:12.851952 [INFO] assignDayName_
2018/07/22 12:45:12.852102 [INFO] ../data_sets/aruba/within_day_cluster_result/_5_5/2010-12-11/
2018/07/22 12:45:12.852108 [INFO] readActivityFile_
2018/07/22 12:45:12.854002 [INFO] readDiscoveredPatternsFile_
2018/07/22 12:45:12.854190 [INFO] readSensorDurationsFile_
2018/07/22 12:45:12.874240 [INFO] readSequencePatternsFile_
2018/07/22 12:45:12.876193 [INFO] AssignTimeIndexPerPattern_
2018/07/22 12:45:12.876248 [INFO] assignDayName_
2018/07/22 12:45:12.876400 [INFO] ../data_sets/aruba/within_day_cluster_result/_5_5/2010-12-12/
2018/07/22 12:45:12.876406 [INFO] readActivityFile_
2018/07/22 12:45:12.878334 [INFO] readDiscoveredPatternsFile_
2018/07/22 12:45:12.878526 [INFO] readSensorDurationsFile_
2018/07/22 12:45:12.898129 [INFO] readSequencePatternsFile_
2018/07/22 12:45:12.900140 [INFO] AssignTimeIndexPerPattern_
2018/07/22 12:45:12.900210 [INFO] assignDayName_
2018/07/22 12:45:12.900367 [INFO] ../data_sets/aruba/within_day_cluster_result/_5_5/2010-12-13/
2018/07/22 12:45:12.900373 [INFO] readActivityFile_
2018/07/22 12:45:12.902325 [INFO] readDiscoveredPatternsFile_
2018/07/22 12:45:12.902580 [INFO] readSensorDurationsFile_
2018/07/22 12:45:12.922365 [INFO] readSequencePatternsFile_
2018/07/22 12:45:12.925083 [INFO] AssignTimeIndexPerPattern_
2018/07/22 12:45:12.925151 [INFO] assignDayName_
2018/07/22 12:45:12.925351 [INFO] ../data_sets/aruba/within_day_cluster_result/_5_5/2010-12-14/
2018/07/22 12:45:12.925357 [INFO] readActivityFile_
2018/07/22 12:45:12.927208 [INFO] readDiscoveredPatternsFile_
2018/07/22 12:45:12.927501 [INFO] readSensorDurationsFile_
2018/07/22 12:45:12.946409 [INFO] readSequencePatternsFile_
2018/07/22 12:45:12.948375 [INFO] AssignTimeIndexPerPattern_
2018/07/22 12:45:12.948431 [INFO] assignDayName_
2018/07/22 12:45:12.948593 [INFO] ../data_sets/aruba/within_day_cluster_result/_5_5/2010-12-15/
2018/07/22 12:45:12.948600 [INFO] readActivityFile_
2018/07/22 12:45:12.950561 [INFO] readDiscoveredPatternsFile_
2018/07/22 12:45:12.950741 [INFO] readSensorDurationsFile_
2018/07/22 12:45:12.969646 [INFO] readSequencePatternsFile_
2018/07/22 12:45:12.971566 [INFO] AssignTimeIndexPerPattern_
2018/07/22 12:45:12.971624 [INFO] assignDayName_
2018/07/22 12:45:12.971781 [INFO] ../data_sets/aruba/within_day_cluster_result/_5_5/2010-12-16/
2018/07/22 12:45:12.971789 [INFO] readActivityFile_
2018/07/22 12:45:12.973777 [INFO] readDiscoveredPatternsFile_
2018/07/22 12:45:12.973975 [INFO] readSensorDurationsFile_
2018/07/22 12:45:12.992926 [INFO] readSequencePatternsFile_
2018/07/22 12:45:12.994848 [INFO] AssignTimeIndexPerPattern_
2018/07/22 12:45:12.994901 [INFO] assignDayName_
2018/07/22 12:45:12.995052 [INFO] ../data_sets/aruba/within_day_cluster_result/_5_5/2010-12-17/
2018/07/22 12:45:12.995057 [INFO] readActivityFile_
2018/07/22 12:45:12.996967 [INFO] readDiscoveredPatternsFile_
2018/07/22 12:45:12.997254 [INFO] readSensorDurationsFile_
2018/07/22 12:45:13.016221 [INFO] readSequencePatternsFile_
2018/07/22 12:45:13.018174 [INFO] AssignTimeIndexPerPattern_
2018/07/22 12:45:13.018227 [INFO] assignDayName_
2018/07/22 12:45:13.018383 [INFO] ../data_sets/aruba/within_day_cluster_result/_5_5/2010-12-18/
2018/07/22 12:45:13.018389 [INFO] readActivityFile_
2018/07/22 12:45:13.020330 [INFO] readDiscoveredPatternsFile_
2018/07/22 12:45:13.020644 [INFO] readSensorDurationsFile_
2018/07/22 12:45:13.039617 [INFO] readSequencePatternsFile_
2018/07/22 12:45:13.041548 [INFO] AssignTimeIndexPerPattern_
2018/07/22 12:45:13.041601 [INFO] assignDayName_
2018/07/22 12:45:13.041802 [INFO] ../data_sets/aruba/within_day_cluster_result/_5_5/2010-12-19/
2018/07/22 12:45:13.041810 [INFO] readActivityFile_
2018/07/22 12:45:13.043789 [INFO] readDiscoveredPatternsFile_
2018/07/22 12:45:13.044126 [INFO] readSensorDurationsFile_
2018/07/22 12:45:13.064361 [INFO] readSequencePatternsFile_
2018/07/22 12:45:13.067401 [INFO] AssignTimeIndexPerPattern_
2018/07/22 12:45:13.067479 [INFO] assignDayName_
2018/07/22 12:45:13.067695 [INFO] ../data_sets/aruba/within_day_cluster_result/_5_5/2010-12-20/
2018/07/22 12:45:13.067706 [INFO] readActivityFile_
2018/07/22 12:45:13.070823 [INFO] readDiscoveredPatternsFile_
2018/07/22 12:45:13.071220 [INFO] readSensorDurationsFile_
2018/07/22 12:45:13.095377 [INFO] readSequencePatternsFile_
2018/07/22 12:45:13.097351 [INFO] AssignTimeIndexPerPattern_
2018/07/22 12:45:13.097405 [INFO] assignDayName_
2018/07/22 12:45:13.097562 [INFO] ../data_sets/aruba/within_day_cluster_result/_5_5/2010-12-21/
2018/07/22 12:45:13.097568 [INFO] readActivityFile_
2018/07/22 12:45:13.099519 [INFO] readDiscoveredPatternsFile_
2018/07/22 12:45:13.099729 [INFO] readSensorDurationsFile_
2018/07/22 12:45:13.118847 [INFO] readSequencePatternsFile_
2018/07/22 12:45:13.120799 [INFO] AssignTimeIndexPerPattern_
2018/07/22 12:45:13.120853 [INFO] assignDayName_
2018/07/22 12:45:13.121007 [INFO] ../data_sets/aruba/within_day_cluster_result/_5_5/2010-12-22/
2018/07/22 12:45:13.121013 [INFO] readActivityFile_
2018/07/22 12:45:13.122972 [INFO] readDiscoveredPatternsFile_
2018/07/22 12:45:13.123161 [INFO] readSensorDurationsFile_
2018/07/22 12:45:13.142327 [INFO] readSequencePatternsFile_
2018/07/22 12:45:13.144274 [INFO] AssignTimeIndexPerPattern_
2018/07/22 12:45:13.144325 [INFO] assignDayName_
2018/07/22 12:45:13.144480 [INFO] ../data_sets/aruba/within_day_cluster_result/_5_5/2010-12-23/
2018/07/22 12:45:13.144486 [INFO] readActivityFile_
2018/07/22 12:45:13.146416 [INFO] readDiscoveredPatternsFile_
2018/07/22 12:45:13.146732 [INFO] readSensorDurationsFile_
2018/07/22 12:45:13.165946 [INFO] readSequencePatternsFile_
2018/07/22 12:45:13.167898 [INFO] AssignTimeIndexPerPattern_
2018/07/22 12:45:13.167950 [INFO] assignDayName_
2018/07/22 12:45:13.168107 [INFO] ../data_sets/aruba/within_day_cluster_result/_5_5/2010-12-24/
2018/07/22 12:45:13.168113 [INFO] readActivityFile_
2018/07/22 12:45:13.170108 [INFO] readDiscoveredPatternsFile_
2018/07/22 12:45:13.170330 [INFO] readSensorDurationsFile_
2018/07/22 12:45:13.189524 [INFO] readSequencePatternsFile_
2018/07/22 12:45:13.191479 [INFO] AssignTimeIndexPerPattern_
2018/07/22 12:45:13.191532 [INFO] assignDayName_
2018/07/22 12:45:13.191687 [INFO] ../data_sets/aruba/within_day_cluster_result/_5_5/2010-12-25/
2018/07/22 12:45:13.191701 [INFO] readActivityFile_
2018/07/22 12:45:13.193689 [INFO] readDiscoveredPatternsFile_
2018/07/22 12:45:13.193926 [INFO] readSensorDurationsFile_
2018/07/22 12:45:13.212883 [INFO] readSequencePatternsFile_
2018/07/22 12:45:13.214801 [INFO] AssignTimeIndexPerPattern_
2018/07/22 12:45:13.214853 [INFO] assignDayName_
2018/07/22 12:45:13.215011 [INFO] ../data_sets/aruba/within_day_cluster_result/_5_5/2010-12-26/
2018/07/22 12:45:13.215017 [INFO] readActivityFile_
2018/07/22 12:45:13.216992 [INFO] readDiscoveredPatternsFile_
2018/07/22 12:45:13.217183 [INFO] readSensorDurationsFile_
2018/07/22 12:45:13.236377 [INFO] readSequencePatternsFile_
2018/07/22 12:45:13.238360 [INFO] AssignTimeIndexPerPattern_
2018/07/22 12:45:13.238412 [INFO] assignDayName_
2018/07/22 12:45:13.238564 [INFO] ../data_sets/aruba/within_day_cluster_result/_5_5/2010-12-27/
2018/07/22 12:45:13.238569 [INFO] readActivityFile_
2018/07/22 12:45:13.240284 [INFO] readDiscoveredPatternsFile_
2018/07/22 12:45:13.240578 [INFO] readSensorDurationsFile_
2018/07/22 12:45:13.259582 [INFO] readSequencePatternsFile_
2018/07/22 12:45:13.261620 [INFO] AssignTimeIndexPerPattern_
2018/07/22 12:45:13.261673 [INFO] assignDayName_
2018/07/22 12:45:13.261831 [INFO] ../data_sets/aruba/within_day_cluster_result/_5_5/2010-12-28/
2018/07/22 12:45:13.261837 [INFO] readActivityFile_
2018/07/22 12:45:13.263855 [INFO] readDiscoveredPatternsFile_
2018/07/22 12:45:13.264233 [INFO] readSensorDurationsFile_
2018/07/22 12:45:13.283720 [INFO] readSequencePatternsFile_
2018/07/22 12:45:13.285761 [INFO] AssignTimeIndexPerPattern_
2018/07/22 12:45:13.285815 [INFO] assignDayName_
2018/07/22 12:45:13.285968 [INFO] ../data_sets/aruba/within_day_cluster_result/_5_5/2010-12-29/
2018/07/22 12:45:13.285974 [INFO] readActivityFile_
2018/07/22 12:45:13.287828 [INFO] readDiscoveredPatternsFile_
2018/07/22 12:45:13.288209 [INFO] readSensorDurationsFile_
2018/07/22 12:45:13.307429 [INFO] readSequencePatternsFile_
2018/07/22 12:45:13.309432 [INFO] AssignTimeIndexPerPattern_
2018/07/22 12:45:13.309490 [INFO] assignDayName_
2018/07/22 12:45:13.309646 [INFO] ../data_sets/aruba/within_day_cluster_result/_5_5/2010-12-30/
2018/07/22 12:45:13.309652 [INFO] readActivityFile_
2018/07/22 12:45:13.311462 [INFO] readDiscoveredPatternsFile_
2018/07/22 12:45:13.311880 [INFO] readSensorDurationsFile_
2018/07/22 12:45:13.331237 [INFO] readSequencePatternsFile_
2018/07/22 12:45:13.333168 [INFO] AssignTimeIndexPerPattern_
2018/07/22 12:45:13.333222 [INFO] assignDayName_
2018/07/22 12:45:13.333372 [INFO] ../data_sets/aruba/within_day_cluster_result/_5_5/2010-12-31/
2018/07/22 12:45:13.333378 [INFO] readActivityFile_
2018/07/22 12:45:13.335369 [INFO] readDiscoveredPatternsFile_
2018/07/22 12:45:13.335589 [INFO] readSensorDurationsFile_
2018/07/22 12:45:13.354463 [INFO] readSequencePatternsFile_
2018/07/22 12:45:13.356387 [INFO] AssignTimeIndexPerPattern_
2018/07/22 12:45:13.356438 [INFO] assignDayName_
2018/07/22 12:45:13.356597 [INFO] ../data_sets/aruba/within_day_cluster_result/_5_5/2011-01-01/
2018/07/22 12:45:13.356604 [INFO] readActivityFile_
2018/07/22 12:45:13.358559 [INFO] readDiscoveredPatternsFile_
2018/07/22 12:45:13.358781 [INFO] readSensorDurationsFile_
2018/07/22 12:45:13.377571 [INFO] readSequencePatternsFile_
2018/07/22 12:45:13.379476 [INFO] AssignTimeIndexPerPattern_
2018/07/22 12:45:13.379526 [INFO] assignDayName_
2018/07/22 12:45:13.379681 [INFO] ../data_sets/aruba/within_day_cluster_result/_5_5/2011-01-02/
2018/07/22 12:45:13.379687 [INFO] readActivityFile_
2018/07/22 12:45:13.381580 [INFO] readDiscoveredPatternsFile_
2018/07/22 12:45:13.381798 [INFO] readSensorDurationsFile_
2018/07/22 12:45:13.400545 [INFO] readSequencePatternsFile_
2018/07/22 12:45:13.402485 [INFO] AssignTimeIndexPerPattern_
2018/07/22 12:45:13.402536 [INFO] assignDayName_
2018/07/22 12:45:13.402691 [INFO] ../data_sets/aruba/within_day_cluster_result/_5_5/2011-01-03/
2018/07/22 12:45:13.402697 [INFO] readActivityFile_
2018/07/22 12:45:13.404610 [INFO] readDiscoveredPatternsFile_
2018/07/22 12:45:13.404849 [INFO] readSensorDurationsFile_
2018/07/22 12:45:13.423570 [INFO] readSequencePatternsFile_
2018/07/22 12:45:13.425476 [INFO] AssignTimeIndexPerPattern_
2018/07/22 12:45:13.425527 [INFO] assignDayName_
2018/07/22 12:45:13.425682 [INFO] ../data_sets/aruba/within_day_cluster_result/_5_5/2011-01-04/
2018/07/22 12:45:13.425688 [INFO] readActivityFile_
2018/07/22 12:45:13.427603 [INFO] readDiscoveredPatternsFile_
2018/07/22 12:45:13.427891 [INFO] readSensorDurationsFile_
2018/07/22 12:45:13.446685 [INFO] readSequencePatternsFile_
2018/07/22 12:45:13.448594 [INFO] AssignTimeIndexPerPattern_
2018/07/22 12:45:13.448646 [INFO] assignDayName_
2018/07/22 12:45:13.448801 [INFO] ../data_sets/aruba/within_day_cluster_result/_5_5/2011-01-05/
2018/07/22 12:45:13.448806 [INFO] readActivityFile_
2018/07/22 12:45:13.450733 [INFO] readDiscoveredPatternsFile_
2018/07/22 12:45:13.450924 [INFO] readSensorDurationsFile_
2018/07/22 12:45:13.469665 [INFO] readSequencePatternsFile_
2018/07/22 12:45:13.471598 [INFO] AssignTimeIndexPerPattern_
2018/07/22 12:45:13.471649 [INFO] assignDayName_
2018/07/22 12:45:13.471803 [INFO] ../data_sets/aruba/within_day_cluster_result/_5_5/2011-01-06/
2018/07/22 12:45:13.471809 [INFO] readActivityFile_
2018/07/22 12:45:13.473783 [INFO] readDiscoveredPatternsFile_
2018/07/22 12:45:13.473938 [INFO] readSensorDurationsFile_
2018/07/22 12:45:13.492559 [INFO] readSequencePatternsFile_
2018/07/22 12:45:13.494464 [INFO] AssignTimeIndexPerPattern_
2018/07/22 12:45:13.494515 [INFO] assignDayName_
2018/07/22 12:45:13.494670 [INFO] ../data_sets/aruba/within_day_cluster_result/_5_5/2011-01-07/
2018/07/22 12:45:13.494675 [INFO] readActivityFile_
2018/07/22 12:45:13.496653 [INFO] readDiscoveredPatternsFile_
2018/07/22 12:45:13.496848 [INFO] readSensorDurationsFile_
2018/07/22 12:45:13.515576 [INFO] readSequencePatternsFile_
2018/07/22 12:45:13.517536 [INFO] AssignTimeIndexPerPattern_
2018/07/22 12:45:13.517586 [INFO] assignDayName_
2018/07/22 12:45:13.517738 [INFO] ../data_sets/aruba/within_day_cluster_result/_5_5/2011-01-08/
2018/07/22 12:45:13.517744 [INFO] readActivityFile_
2018/07/22 12:45:13.519618 [INFO] readDiscoveredPatternsFile_
2018/07/22 12:45:13.519799 [INFO] readSensorDurationsFile_
2018/07/22 12:45:13.538685 [INFO] readSequencePatternsFile_
2018/07/22 12:45:13.540642 [INFO] AssignTimeIndexPerPattern_
2018/07/22 12:45:13.540693 [INFO] assignDayName_
2018/07/22 12:45:13.540847 [INFO] ../data_sets/aruba/within_day_cluster_result/_5_5/2011-01-09/
2018/07/22 12:45:13.540854 [INFO] readActivityFile_
2018/07/22 12:45:13.542716 [INFO] readDiscoveredPatternsFile_
2018/07/22 12:45:13.542931 [INFO] readSensorDurationsFile_
2018/07/22 12:45:13.561646 [INFO] readSequencePatternsFile_
2018/07/22 12:45:13.563542 [INFO] AssignTimeIndexPerPattern_
2018/07/22 12:45:13.563592 [INFO] assignDayName_
2018/07/22 12:45:13.563746 [INFO] ../data_sets/aruba/within_day_cluster_result/_5_5/2011-01-10/
2018/07/22 12:45:13.563752 [INFO] readActivityFile_
2018/07/22 12:45:13.565682 [INFO] readDiscoveredPatternsFile_
2018/07/22 12:45:13.565859 [INFO] readSensorDurationsFile_
2018/07/22 12:45:13.584627 [INFO] readSequencePatternsFile_
2018/07/22 12:45:13.586509 [INFO] AssignTimeIndexPerPattern_
2018/07/22 12:45:13.586558 [INFO] assignDayName_
2018/07/22 12:45:13.586708 [INFO] ../data_sets/aruba/within_day_cluster_result/_5_5/2011-01-11/
2018/07/22 12:45:13.586714 [INFO] readActivityFile_
2018/07/22 12:45:13.588607 [INFO] readDiscoveredPatternsFile_
2018/07/22 12:45:13.588834 [INFO] readSensorDurationsFile_
2018/07/22 12:45:13.607619 [INFO] readSequencePatternsFile_
2018/07/22 12:45:13.609509 [INFO] AssignTimeIndexPerPattern_
2018/07/22 12:45:13.609559 [INFO] assignDayName_
2018/07/22 12:45:13.609709 [INFO] ../data_sets/aruba/within_day_cluster_result/_5_5/2011-01-12/
2018/07/22 12:45:13.609715 [INFO] readActivityFile_
2018/07/22 12:45:13.611558 [INFO] readDiscoveredPatternsFile_
2018/07/22 12:45:13.611778 [INFO] readSensorDurationsFile_
2018/07/22 12:45:13.630492 [INFO] readSequencePatternsFile_
2018/07/22 12:45:13.632430 [INFO] AssignTimeIndexPerPattern_
2018/07/22 12:45:13.632494 [INFO] assignDayName_
2018/07/22 12:45:13.632658 [INFO] ../data_sets/aruba/within_day_cluster_result/_5_5/2011-01-13/
2018/07/22 12:45:13.632666 [INFO] readActivityFile_
2018/07/22 12:45:13.634645 [INFO] readDiscoveredPatternsFile_
2018/07/22 12:45:13.634867 [INFO] readSensorDurationsFile_
2018/07/22 12:45:13.653538 [INFO] readSequencePatternsFile_
2018/07/22 12:45:13.655410 [INFO] AssignTimeIndexPerPattern_
2018/07/22 12:45:13.655464 [INFO] assignDayName_
2018/07/22 12:45:13.655625 [INFO] ../data_sets/aruba/within_day_cluster_result/_5_5/2011-01-14/
2018/07/22 12:45:13.655631 [INFO] readActivityFile_
2018/07/22 12:45:13.657627 [INFO] readDiscoveredPatternsFile_
2018/07/22 12:45:13.657847 [INFO] readSensorDurationsFile_
2018/07/22 12:45:13.676926 [INFO] readSequencePatternsFile_
2018/07/22 12:45:13.678876 [INFO] AssignTimeIndexPerPattern_
2018/07/22 12:45:13.678927 [INFO] assignDayName_
2018/07/22 12:45:13.679079 [INFO] ../data_sets/aruba/within_day_cluster_result/_5_5/2011-01-15/
2018/07/22 12:45:13.679084 [INFO] readActivityFile_
2018/07/22 12:45:13.680973 [INFO] readDiscoveredPatternsFile_
2018/07/22 12:45:13.681259 [INFO] readSensorDurationsFile_
2018/07/22 12:45:13.700290 [INFO] readSequencePatternsFile_
2018/07/22 12:45:13.702174 [INFO] AssignTimeIndexPerPattern_
2018/07/22 12:45:13.702227 [INFO] assignDayName_
2018/07/22 12:45:13.702377 [INFO] ../data_sets/aruba/within_day_cluster_result/_5_5/2011-01-16/
2018/07/22 12:45:13.702383 [INFO] readActivityFile_
2018/07/22 12:45:13.704167 [INFO] readDiscoveredPatternsFile_
2018/07/22 12:45:13.704439 [INFO] readSensorDurationsFile_
2018/07/22 12:45:13.723426 [INFO] readSequencePatternsFile_
2018/07/22 12:45:13.725344 [INFO] AssignTimeIndexPerPattern_
2018/07/22 12:45:13.725399 [INFO] assignDayName_
2018/07/22 12:45:13.725555 [INFO] ../data_sets/aruba/within_day_cluster_result/_5_5/2011-01-17/
2018/07/22 12:45:13.725561 [INFO] readActivityFile_
2018/07/22 12:45:13.727495 [INFO] readDiscoveredPatternsFile_
2018/07/22 12:45:13.727743 [INFO] readSensorDurationsFile_
2018/07/22 12:45:13.746604 [INFO] readSequencePatternsFile_
2018/07/22 12:45:13.748514 [INFO] AssignTimeIndexPerPattern_
2018/07/22 12:45:13.748569 [INFO] assignDayName_
2018/07/22 12:45:13.748722 [INFO] ../data_sets/aruba/within_day_cluster_result/_5_5/2011-01-18/
2018/07/22 12:45:13.748728 [INFO] readActivityFile_
2018/07/22 12:45:13.750650 [INFO] readDiscoveredPatternsFile_
2018/07/22 12:45:13.750974 [INFO] readSensorDurationsFile_
2018/07/22 12:45:13.769880 [INFO] readSequencePatternsFile_
2018/07/22 12:45:13.771843 [INFO] AssignTimeIndexPerPattern_
2018/07/22 12:45:13.771896 [INFO] assignDayName_
2018/07/22 12:45:13.772057 [INFO] ../data_sets/aruba/within_day_cluster_result/_5_5/2011-01-19/
2018/07/22 12:45:13.772063 [INFO] readActivityFile_
2018/07/22 12:45:13.774005 [INFO] readDiscoveredPatternsFile_
2018/07/22 12:45:13.774194 [INFO] readSensorDurationsFile_
2018/07/22 12:45:13.792925 [INFO] readSequencePatternsFile_
2018/07/22 12:45:13.794840 [INFO] AssignTimeIndexPerPattern_
2018/07/22 12:45:13.794893 [INFO] assignDayName_
2018/07/22 12:45:13.795049 [INFO] ../data_sets/aruba/within_day_cluster_result/_5_5/2011-01-20/
2018/07/22 12:45:13.795055 [INFO] readActivityFile_
2018/07/22 12:45:13.797033 [INFO] readDiscoveredPatternsFile_
2018/07/22 12:45:13.797218 [INFO] readSensorDurationsFile_
2018/07/22 12:45:13.815981 [INFO] readSequencePatternsFile_
2018/07/22 12:45:13.817900 [INFO] AssignTimeIndexPerPattern_
2018/07/22 12:45:13.817955 [INFO] assignDayName_
2018/07/22 12:45:13.818115 [INFO] ../data_sets/aruba/within_day_cluster_result/_5_5/2011-01-21/
2018/07/22 12:45:13.818121 [INFO] readActivityFile_
2018/07/22 12:45:13.820154 [INFO] readDiscoveredPatternsFile_
2018/07/22 12:45:13.820383 [INFO] readSensorDurationsFile_
2018/07/22 12:45:13.839200 [INFO] readSequencePatternsFile_
2018/07/22 12:45:13.841169 [INFO] AssignTimeIndexPerPattern_
2018/07/22 12:45:13.841223 [INFO] assignDayName_
2018/07/22 12:45:13.841379 [INFO] ../data_sets/aruba/within_day_cluster_result/_5_5/2011-01-22/
2018/07/22 12:45:13.841392 [INFO] readActivityFile_
2018/07/22 12:45:13.843332 [INFO] readDiscoveredPatternsFile_
2018/07/22 12:45:13.843607 [INFO] readSensorDurationsFile_
2018/07/22 12:45:13.862651 [INFO] readSequencePatternsFile_
2018/07/22 12:45:13.864522 [INFO] AssignTimeIndexPerPattern_
2018/07/22 12:45:13.864574 [INFO] assignDayName_
2018/07/22 12:45:13.864727 [INFO] ../data_sets/aruba/within_day_cluster_result/_5_5/2011-01-23/
2018/07/22 12:45:13.864733 [INFO] readActivityFile_
2018/07/22 12:45:13.866685 [INFO] readDiscoveredPatternsFile_
2018/07/22 12:45:13.866878 [INFO] readSensorDurationsFile_
2018/07/22 12:45:13.885763 [INFO] readSequencePatternsFile_
2018/07/22 12:45:13.887699 [INFO] AssignTimeIndexPerPattern_
2018/07/22 12:45:13.887750 [INFO] assignDayName_
2018/07/22 12:45:13.887901 [INFO] ../data_sets/aruba/within_day_cluster_result/_5_5/2011-01-24/
2018/07/22 12:45:13.887906 [INFO] readActivityFile_
2018/07/22 12:45:13.889854 [INFO] readDiscoveredPatternsFile_
2018/07/22 12:45:13.890078 [INFO] readSensorDurationsFile_
2018/07/22 12:45:13.909110 [INFO] readSequencePatternsFile_
2018/07/22 12:45:13.911112 [INFO] AssignTimeIndexPerPattern_
2018/07/22 12:45:13.911164 [INFO] assignDayName_
2018/07/22 12:45:13.911355 [INFO] ../data_sets/aruba/within_day_cluster_result/_5_5/2011-01-25/
2018/07/22 12:45:13.911361 [INFO] readActivityFile_
2018/07/22 12:45:13.913298 [INFO] readDiscoveredPatternsFile_
2018/07/22 12:45:13.913595 [INFO] readSensorDurationsFile_
2018/07/22 12:45:13.932739 [INFO] readSequencePatternsFile_
2018/07/22 12:45:13.934645 [INFO] AssignTimeIndexPerPattern_
2018/07/22 12:45:13.934697 [INFO] assignDayName_
2018/07/22 12:45:13.934846 [INFO] ../data_sets/aruba/within_day_cluster_result/_5_5/2011-01-26/
2018/07/22 12:45:13.934852 [INFO] readActivityFile_
2018/07/22 12:45:13.936617 [INFO] readDiscoveredPatternsFile_
2018/07/22 12:45:13.936833 [INFO] readSensorDurationsFile_
2018/07/22 12:45:13.955799 [INFO] readSequencePatternsFile_
2018/07/22 12:45:13.957810 [INFO] AssignTimeIndexPerPattern_
2018/07/22 12:45:13.957868 [INFO] assignDayName_
2018/07/22 12:45:13.958022 [INFO] ../data_sets/aruba/within_day_cluster_result/_5_5/2011-01-27/
2018/07/22 12:45:13.958028 [INFO] readActivityFile_
2018/07/22 12:45:13.959987 [INFO] readDiscoveredPatternsFile_
2018/07/22 12:45:13.960201 [INFO] readSensorDurationsFile_
2018/07/22 12:45:13.979156 [INFO] readSequencePatternsFile_
2018/07/22 12:45:13.981230 [INFO] AssignTimeIndexPerPattern_
2018/07/22 12:45:13.981287 [INFO] assignDayName_
2018/07/22 12:45:13.981443 [INFO] ../data_sets/aruba/within_day_cluster_result/_5_5/2011-01-28/
2018/07/22 12:45:13.981449 [INFO] readActivityFile_
2018/07/22 12:45:13.983482 [INFO] readDiscoveredPatternsFile_
2018/07/22 12:45:13.983770 [INFO] readSensorDurationsFile_
2018/07/22 12:45:14.002719 [INFO] readSequencePatternsFile_
2018/07/22 12:45:14.004747 [INFO] AssignTimeIndexPerPattern_
2018/07/22 12:45:14.004802 [INFO] assignDayName_
2018/07/22 12:45:14.004953 [INFO] ../data_sets/aruba/within_day_cluster_result/_5_5/2011-01-29/
