2018/09/06 05:55:56.837669 [INFO] initialize_python
2018/09/06 05:55:56.843039 [INFO] ModelRecognition
2018/09/06 05:55:56.843053 [INFO] init_
2018/09/06 05:55:56.843059 [INFO] Home
2018/09/06 05:55:56.843063 [INFO] readHomeSetup
2018/09/06 05:55:56.843178 [INFO] createDistinctLocationIndex
2018/09/06 05:55:56.843196 [INFO] readConfig
2018/09/06 05:55:56.843245 [INFO] checkTimeWindowParameters
2018/09/06 05:55:56.843253 [INFO] FeatureWriter
2018/09/06 05:55:56.843258 [INFO] ../data_sets/aruba/model_recognition/_0_990000/
2018/09/06 05:55:56.843454 [INFO] SorterProcessor
2018/09/06 05:55:56.843461 [INFO] FeatureReader
2018/09/06 05:55:56.843465 [INFO] readHomeSetup
2018/09/06 05:55:56.843469 [INFO] FeatureProcessor
2018/09/06 05:55:56.843472 [INFO] readHomeSetup
2018/09/06 05:55:56.843476 [INFO] SorterProcessor
2018/09/06 05:55:56.843480 [INFO] SimilarityMeasure
2018/09/06 05:55:56.843484 [INFO] Home
2018/09/06 05:55:56.843487 [INFO] readHomeSetup
2018/09/06 05:55:56.843582 [INFO] createDistinctLocationIndex
2018/09/06 05:55:56.843598 [INFO] readConfig
2018/09/06 05:55:56.843642 [INFO] checkTimeWindowParameters
2018/09/06 05:55:56.843648 [INFO] readFeatures
2018/09/06 05:55:56.843652 [INFO] readBetweenDayClusterFeatures_
2018/09/06 05:55:56.843658 [INFO] ../data_sets/aruba/hierachal_cluste_result/_0_990000/
2018/09/06 05:55:56.843661 [INFO] readActivityFile_
2018/09/06 05:55:58.483913 [INFO] readDiscoveredPatternsFile_
2018/09/06 05:55:58.515477 [INFO] readSensorDurationsFile_
2018/09/06 05:56:14.050459 [INFO] readSequencePatternsFile_
2018/09/06 05:56:15.547018 [INFO] readDayNames_
2018/09/06 05:56:17.124121 [INFO] readTimeIndex_
2018/09/06 05:56:18.693317 [INFO] PythonRunner
2018/09/06 05:56:18.693349 [INFO] script_location:../data_sets/aruba/config/
2018/09/06 05:56:18.693354 [INFO] init_
2018/09/06 05:56:18.693359 [INFO] Home
2018/09/06 05:56:18.693363 [INFO] readHomeSetup
2018/09/06 05:56:18.693478 [INFO] createDistinctLocationIndex
2018/09/06 05:56:18.693496 [INFO] readConfig
2018/09/06 05:56:18.693543 [INFO] checkTimeWindowParameters
2018/09/06 05:56:18.693549 [INFO] initPython
2018/09/06 05:56:18.746271 [INFO] readFeatures
2018/09/06 05:56:18.746296 [INFO] readWithinDayClusterFeatures_
2018/09/06 05:56:18.746597 [INFO] ../data_sets/aruba/within_day_cluster_result/_1_3/2010-11-04/
2018/09/06 05:56:18.746606 [INFO] readActivityFile_
2018/09/06 05:56:18.756660 [INFO] readDiscoveredPatternsFile_
2018/09/06 05:56:18.757163 [INFO] readSensorDurationsFile_
2018/09/06 05:56:18.844848 [INFO] readSequencePatternsFile_
2018/09/06 05:56:18.851433 [INFO] AssignTimeIndexPerPattern_
2018/09/06 05:56:18.851536 [INFO] assignDayName_
2018/09/06 05:56:18.852094 [INFO] ../data_sets/aruba/within_day_cluster_result/_1_3/2010-11-05/
2018/09/06 05:56:18.852100 [INFO] readActivityFile_
2018/09/06 05:56:18.858423 [INFO] readDiscoveredPatternsFile_
2018/09/06 05:56:18.858799 [INFO] readSensorDurationsFile_
2018/09/06 05:56:18.927647 [INFO] readSequencePatternsFile_
2018/09/06 05:56:18.934238 [INFO] AssignTimeIndexPerPattern_
2018/09/06 05:56:18.934341 [INFO] assignDayName_
2018/09/06 05:56:18.934841 [INFO] ../data_sets/aruba/within_day_cluster_result/_1_3/2010-11-06/
2018/09/06 05:56:18.934847 [INFO] readActivityFile_
2018/09/06 05:56:18.941540 [INFO] readDiscoveredPatternsFile_
2018/09/06 05:56:18.941831 [INFO] readSensorDurationsFile_
2018/09/06 05:56:19.010794 [INFO] readSequencePatternsFile_
2018/09/06 05:56:19.017716 [INFO] AssignTimeIndexPerPattern_
2018/09/06 05:56:19.017820 [INFO] assignDayName_
2018/09/06 05:56:19.018322 [INFO] ../data_sets/aruba/within_day_cluster_result/_1_3/2010-11-07/
2018/09/06 05:56:19.018328 [INFO] readActivityFile_
2018/09/06 05:56:19.025003 [INFO] readDiscoveredPatternsFile_
2018/09/06 05:56:19.025398 [INFO] readSensorDurationsFile_
2018/09/06 05:56:19.094422 [INFO] readSequencePatternsFile_
2018/09/06 05:56:19.101181 [INFO] AssignTimeIndexPerPattern_
2018/09/06 05:56:19.101285 [INFO] assignDayName_
2018/09/06 05:56:19.101784 [INFO] ../data_sets/aruba/within_day_cluster_result/_1_3/2010-11-08/
2018/09/06 05:56:19.101790 [INFO] readActivityFile_
2018/09/06 05:56:19.108561 [INFO] readDiscoveredPatternsFile_
2018/09/06 05:56:19.108847 [INFO] readSensorDurationsFile_
2018/09/06 05:56:19.177704 [INFO] readSequencePatternsFile_
2018/09/06 05:56:19.184303 [INFO] AssignTimeIndexPerPattern_
2018/09/06 05:56:19.184442 [INFO] assignDayName_
2018/09/06 05:56:19.185002 [INFO] ../data_sets/aruba/within_day_cluster_result/_1_3/2010-11-09/
2018/09/06 05:56:19.185008 [INFO] readActivityFile_
2018/09/06 05:56:19.191692 [INFO] readDiscoveredPatternsFile_
2018/09/06 05:56:19.192043 [INFO] readSensorDurationsFile_
2018/09/06 05:56:19.260850 [INFO] readSequencePatternsFile_
2018/09/06 05:56:19.267614 [INFO] AssignTimeIndexPerPattern_
2018/09/06 05:56:19.267717 [INFO] assignDayName_
2018/09/06 05:56:19.268217 [INFO] ../data_sets/aruba/within_day_cluster_result/_1_3/2010-11-10/
2018/09/06 05:56:19.268223 [INFO] readActivityFile_
2018/09/06 05:56:19.275060 [INFO] readDiscoveredPatternsFile_
2018/09/06 05:56:19.275291 [INFO] readSensorDurationsFile_
2018/09/06 05:56:19.344377 [INFO] readSequencePatternsFile_
2018/09/06 05:56:19.351072 [INFO] AssignTimeIndexPerPattern_
2018/09/06 05:56:19.351175 [INFO] assignDayName_
2018/09/06 05:56:19.351674 [INFO] ../data_sets/aruba/within_day_cluster_result/_1_3/2010-11-11/
2018/09/06 05:56:19.351680 [INFO] readActivityFile_
2018/09/06 05:56:19.358368 [INFO] readDiscoveredPatternsFile_
2018/09/06 05:56:19.358644 [INFO] readSensorDurationsFile_
2018/09/06 05:56:19.427670 [INFO] readSequencePatternsFile_
2018/09/06 05:56:19.434272 [INFO] AssignTimeIndexPerPattern_
2018/09/06 05:56:19.434374 [INFO] assignDayName_
2018/09/06 05:56:19.434907 [INFO] ../data_sets/aruba/within_day_cluster_result/_1_3/2010-11-12/
2018/09/06 05:56:19.434912 [INFO] readActivityFile_
2018/09/06 05:56:19.441708 [INFO] readDiscoveredPatternsFile_
2018/09/06 05:56:19.441983 [INFO] readSensorDurationsFile_
2018/09/06 05:56:19.510675 [INFO] readSequencePatternsFile_
2018/09/06 05:56:19.517428 [INFO] AssignTimeIndexPerPattern_
2018/09/06 05:56:19.517531 [INFO] assignDayName_
2018/09/06 05:56:19.518087 [INFO] ../data_sets/aruba/within_day_cluster_result/_1_3/2010-11-13/
2018/09/06 05:56:19.518093 [INFO] readActivityFile_
2018/09/06 05:56:19.524737 [INFO] readDiscoveredPatternsFile_
2018/09/06 05:56:19.524977 [INFO] readSensorDurationsFile_
2018/09/06 05:56:19.593691 [INFO] readSequencePatternsFile_
2018/09/06 05:56:19.600434 [INFO] AssignTimeIndexPerPattern_
2018/09/06 05:56:19.600537 [INFO] assignDayName_
2018/09/06 05:56:19.601081 [INFO] ../data_sets/aruba/within_day_cluster_result/_1_3/2010-11-14/
2018/09/06 05:56:19.601087 [INFO] readActivityFile_
2018/09/06 05:56:19.607397 [INFO] readDiscoveredPatternsFile_
2018/09/06 05:56:19.607613 [INFO] readSensorDurationsFile_
2018/09/06 05:56:19.676017 [INFO] readSequencePatternsFile_
2018/09/06 05:56:19.682651 [INFO] AssignTimeIndexPerPattern_
2018/09/06 05:56:19.682754 [INFO] assignDayName_
2018/09/06 05:56:19.683254 [INFO] ../data_sets/aruba/within_day_cluster_result/_1_3/2010-11-15/
2018/09/06 05:56:19.683259 [INFO] readActivityFile_
2018/09/06 05:56:19.689919 [INFO] readDiscoveredPatternsFile_
2018/09/06 05:56:19.690161 [INFO] readSensorDurationsFile_
2018/09/06 05:56:19.758624 [INFO] readSequencePatternsFile_
2018/09/06 05:56:19.765335 [INFO] AssignTimeIndexPerPattern_
2018/09/06 05:56:19.765438 [INFO] assignDayName_
2018/09/06 05:56:19.765939 [INFO] ../data_sets/aruba/within_day_cluster_result/_1_3/2010-11-16/
2018/09/06 05:56:19.765945 [INFO] readActivityFile_
2018/09/06 05:56:19.772850 [INFO] readDiscoveredPatternsFile_
2018/09/06 05:56:19.773148 [INFO] readSensorDurationsFile_
2018/09/06 05:56:19.841691 [INFO] readSequencePatternsFile_
2018/09/06 05:56:19.848284 [INFO] AssignTimeIndexPerPattern_
2018/09/06 05:56:19.848424 [INFO] assignDayName_
2018/09/06 05:56:19.848926 [INFO] ../data_sets/aruba/within_day_cluster_result/_1_3/2010-11-17/
2018/09/06 05:56:19.848931 [INFO] readActivityFile_
2018/09/06 05:56:19.855788 [INFO] readDiscoveredPatternsFile_
2018/09/06 05:56:19.855974 [INFO] readSensorDurationsFile_
2018/09/06 05:56:19.924684 [INFO] readSequencePatternsFile_
2018/09/06 05:56:19.931435 [INFO] AssignTimeIndexPerPattern_
2018/09/06 05:56:19.931538 [INFO] assignDayName_
2018/09/06 05:56:19.932037 [INFO] ../data_sets/aruba/within_day_cluster_result/_1_3/2010-11-18/
2018/09/06 05:56:19.932043 [INFO] readActivityFile_
2018/09/06 05:56:19.938801 [INFO] readDiscoveredPatternsFile_
2018/09/06 05:56:19.939041 [INFO] readSensorDurationsFile_
2018/09/06 05:56:20.007369 [INFO] readSequencePatternsFile_
2018/09/06 05:56:20.014055 [INFO] AssignTimeIndexPerPattern_
2018/09/06 05:56:20.014159 [INFO] assignDayName_
2018/09/06 05:56:20.014659 [INFO] ../data_sets/aruba/within_day_cluster_result/_1_3/2010-11-19/
2018/09/06 05:56:20.014665 [INFO] readActivityFile_
2018/09/06 05:56:20.021328 [INFO] readDiscoveredPatternsFile_
2018/09/06 05:56:20.021516 [INFO] readSensorDurationsFile_
2018/09/06 05:56:20.089894 [INFO] readSequencePatternsFile_
2018/09/06 05:56:20.096723 [INFO] AssignTimeIndexPerPattern_
2018/09/06 05:56:20.096826 [INFO] assignDayName_
2018/09/06 05:56:20.097326 [INFO] ../data_sets/aruba/within_day_cluster_result/_1_3/2010-11-20/
2018/09/06 05:56:20.097332 [INFO] readActivityFile_
2018/09/06 05:56:20.103684 [INFO] readDiscoveredPatternsFile_
2018/09/06 05:56:20.104087 [INFO] readSensorDurationsFile_
2018/09/06 05:56:20.174678 [INFO] readSequencePatternsFile_
2018/09/06 05:56:20.181408 [INFO] AssignTimeIndexPerPattern_
2018/09/06 05:56:20.181513 [INFO] assignDayName_
2018/09/06 05:56:20.182015 [INFO] ../data_sets/aruba/within_day_cluster_result/_1_3/2010-11-21/
2018/09/06 05:56:20.182020 [INFO] readActivityFile_
2018/09/06 05:56:20.188676 [INFO] readDiscoveredPatternsFile_
2018/09/06 05:56:20.188973 [INFO] readSensorDurationsFile_
2018/09/06 05:56:20.257474 [INFO] readSequencePatternsFile_
2018/09/06 05:56:20.264128 [INFO] AssignTimeIndexPerPattern_
2018/09/06 05:56:20.264232 [INFO] assignDayName_
2018/09/06 05:56:20.264768 [INFO] ../data_sets/aruba/within_day_cluster_result/_1_3/2010-11-22/
2018/09/06 05:56:20.264775 [INFO] readActivityFile_
2018/09/06 05:56:20.271409 [INFO] readDiscoveredPatternsFile_
2018/09/06 05:56:20.271687 [INFO] readSensorDurationsFile_
2018/09/06 05:56:20.340449 [INFO] readSequencePatternsFile_
2018/09/06 05:56:20.347042 [INFO] AssignTimeIndexPerPattern_
2018/09/06 05:56:20.347145 [INFO] assignDayName_
2018/09/06 05:56:20.347644 [INFO] ../data_sets/aruba/within_day_cluster_result/_1_3/2010-11-23/
2018/09/06 05:56:20.347650 [INFO] readActivityFile_
2018/09/06 05:56:20.354376 [INFO] readDiscoveredPatternsFile_
2018/09/06 05:56:20.354631 [INFO] readSensorDurationsFile_
2018/09/06 05:56:20.423511 [INFO] readSequencePatternsFile_
2018/09/06 05:56:20.430197 [INFO] AssignTimeIndexPerPattern_
2018/09/06 05:56:20.430300 [INFO] assignDayName_
2018/09/06 05:56:20.430800 [INFO] ../data_sets/aruba/within_day_cluster_result/_1_3/2010-11-24/
2018/09/06 05:56:20.430806 [INFO] readActivityFile_
2018/09/06 05:56:20.437226 [INFO] readDiscoveredPatternsFile_
2018/09/06 05:56:20.437475 [INFO] readSensorDurationsFile_
2018/09/06 05:56:20.505950 [INFO] readSequencePatternsFile_
2018/09/06 05:56:20.512694 [INFO] AssignTimeIndexPerPattern_
2018/09/06 05:56:20.512798 [INFO] assignDayName_
2018/09/06 05:56:20.513297 [INFO] ../data_sets/aruba/within_day_cluster_result/_1_3/2010-11-25/
2018/09/06 05:56:20.513303 [INFO] readActivityFile_
2018/09/06 05:56:20.520023 [INFO] readDiscoveredPatternsFile_
2018/09/06 05:56:20.520381 [INFO] readSensorDurationsFile_
2018/09/06 05:56:20.588932 [INFO] readSequencePatternsFile_
2018/09/06 05:56:20.595703 [INFO] AssignTimeIndexPerPattern_
2018/09/06 05:56:20.595806 [INFO] assignDayName_
2018/09/06 05:56:20.596386 [INFO] ../data_sets/aruba/within_day_cluster_result/_1_3/2010-11-26/
2018/09/06 05:56:20.596405 [INFO] readActivityFile_
2018/09/06 05:56:20.603142 [INFO] readDiscoveredPatternsFile_
2018/09/06 05:56:20.603401 [INFO] readSensorDurationsFile_
2018/09/06 05:56:20.671916 [INFO] readSequencePatternsFile_
2018/09/06 05:56:20.678686 [INFO] AssignTimeIndexPerPattern_
2018/09/06 05:56:20.678789 [INFO] assignDayName_
2018/09/06 05:56:20.679297 [INFO] ../data_sets/aruba/within_day_cluster_result/_1_3/2010-11-27/
2018/09/06 05:56:20.679302 [INFO] readActivityFile_
2018/09/06 05:56:20.685775 [INFO] readDiscoveredPatternsFile_
2018/09/06 05:56:20.685985 [INFO] readSensorDurationsFile_
2018/09/06 05:56:20.754588 [INFO] readSequencePatternsFile_
2018/09/06 05:56:20.761337 [INFO] AssignTimeIndexPerPattern_
2018/09/06 05:56:20.761441 [INFO] assignDayName_
2018/09/06 05:56:20.761942 [INFO] ../data_sets/aruba/within_day_cluster_result/_1_3/2010-11-28/
2018/09/06 05:56:20.761947 [INFO] readActivityFile_
2018/09/06 05:56:20.768496 [INFO] readDiscoveredPatternsFile_
2018/09/06 05:56:20.768753 [INFO] readSensorDurationsFile_
2018/09/06 05:56:20.837275 [INFO] readSequencePatternsFile_
2018/09/06 05:56:20.843877 [INFO] AssignTimeIndexPerPattern_
2018/09/06 05:56:20.843980 [INFO] assignDayName_
2018/09/06 05:56:20.844517 [INFO] ../data_sets/aruba/within_day_cluster_result/_1_3/2010-11-29/
2018/09/06 05:56:20.844523 [INFO] readActivityFile_
2018/09/06 05:56:20.851129 [INFO] readDiscoveredPatternsFile_
2018/09/06 05:56:20.851394 [INFO] readSensorDurationsFile_
2018/09/06 05:56:20.920330 [INFO] readSequencePatternsFile_
2018/09/06 05:56:20.927115 [INFO] AssignTimeIndexPerPattern_
2018/09/06 05:56:20.927218 [INFO] assignDayName_
2018/09/06 05:56:20.927719 [INFO] ../data_sets/aruba/within_day_cluster_result/_1_3/2010-11-30/
2018/09/06 05:56:20.927725 [INFO] readActivityFile_
2018/09/06 05:56:20.934557 [INFO] readDiscoveredPatternsFile_
2018/09/06 05:56:20.934915 [INFO] readSensorDurationsFile_
2018/09/06 05:56:21.003570 [INFO] readSequencePatternsFile_
2018/09/06 05:56:21.010313 [INFO] AssignTimeIndexPerPattern_
2018/09/06 05:56:21.010417 [INFO] assignDayName_
2018/09/06 05:56:21.010974 [INFO] ../data_sets/aruba/within_day_cluster_result/_1_3/2010-12-01/
2018/09/06 05:56:21.010980 [INFO] readActivityFile_
2018/09/06 05:56:21.017770 [INFO] readDiscoveredPatternsFile_
2018/09/06 05:56:21.018039 [INFO] readSensorDurationsFile_
2018/09/06 05:56:21.086840 [INFO] readSequencePatternsFile_
2018/09/06 05:56:21.093553 [INFO] AssignTimeIndexPerPattern_
2018/09/06 05:56:21.093656 [INFO] assignDayName_
2018/09/06 05:56:21.094157 [INFO] ../data_sets/aruba/within_day_cluster_result/_1_3/2010-12-02/
2018/09/06 05:56:21.094162 [INFO] readActivityFile_
2018/09/06 05:56:21.101045 [INFO] readDiscoveredPatternsFile_
2018/09/06 05:56:21.101264 [INFO] readSensorDurationsFile_
2018/09/06 05:56:21.169903 [INFO] readSequencePatternsFile_
2018/09/06 05:56:21.176581 [INFO] AssignTimeIndexPerPattern_
2018/09/06 05:56:21.176685 [INFO] assignDayName_
2018/09/06 05:56:21.177184 [INFO] ../data_sets/aruba/within_day_cluster_result/_1_3/2010-12-03/
2018/09/06 05:56:21.177190 [INFO] readActivityFile_
2018/09/06 05:56:21.183998 [INFO] readDiscoveredPatternsFile_
2018/09/06 05:56:21.184218 [INFO] readSensorDurationsFile_
2018/09/06 05:56:21.252752 [INFO] readSequencePatternsFile_
2018/09/06 05:56:21.259372 [INFO] AssignTimeIndexPerPattern_
2018/09/06 05:56:21.259475 [INFO] assignDayName_
2018/09/06 05:56:21.260017 [INFO] ../data_sets/aruba/within_day_cluster_result/_1_3/2010-12-04/
2018/09/06 05:56:21.260023 [INFO] readActivityFile_
2018/09/06 05:56:21.266772 [INFO] readDiscoveredPatternsFile_
2018/09/06 05:56:21.267039 [INFO] readSensorDurationsFile_
2018/09/06 05:56:21.335566 [INFO] readSequencePatternsFile_
2018/09/06 05:56:21.342316 [INFO] AssignTimeIndexPerPattern_
2018/09/06 05:56:21.342421 [INFO] assignDayName_
2018/09/06 05:56:21.342921 [INFO] ../data_sets/aruba/within_day_cluster_result/_1_3/2010-12-05/
2018/09/06 05:56:21.342926 [INFO] readActivityFile_
2018/09/06 05:56:21.349396 [INFO] readDiscoveredPatternsFile_
2018/09/06 05:56:21.349853 [INFO] readSensorDurationsFile_
2018/09/06 05:56:21.418757 [INFO] readSequencePatternsFile_
2018/09/06 05:56:21.425455 [INFO] AssignTimeIndexPerPattern_
2018/09/06 05:56:21.425559 [INFO] assignDayName_
2018/09/06 05:56:21.426060 [INFO] ../data_sets/aruba/within_day_cluster_result/_1_3/2010-12-06/
2018/09/06 05:56:21.426066 [INFO] readActivityFile_
2018/09/06 05:56:21.432653 [INFO] readDiscoveredPatternsFile_
2018/09/06 05:56:21.433066 [INFO] readSensorDurationsFile_
2018/09/06 05:56:21.501920 [INFO] readSequencePatternsFile_
2018/09/06 05:56:21.508625 [INFO] AssignTimeIndexPerPattern_
2018/09/06 05:56:21.508762 [INFO] assignDayName_
2018/09/06 05:56:21.509263 [INFO] ../data_sets/aruba/within_day_cluster_result/_1_3/2010-12-07/
2018/09/06 05:56:21.509269 [INFO] readActivityFile_
2018/09/06 05:56:21.515972 [INFO] readDiscoveredPatternsFile_
2018/09/06 05:56:21.516434 [INFO] readSensorDurationsFile_
2018/09/06 05:56:21.585081 [INFO] readSequencePatternsFile_
2018/09/06 05:56:21.591771 [INFO] AssignTimeIndexPerPattern_
2018/09/06 05:56:21.591905 [INFO] assignDayName_
2018/09/06 05:56:21.592469 [INFO] ../data_sets/aruba/within_day_cluster_result/_1_3/2010-12-08/
2018/09/06 05:56:21.592476 [INFO] readActivityFile_
2018/09/06 05:56:21.599272 [INFO] readDiscoveredPatternsFile_
2018/09/06 05:56:21.599534 [INFO] readSensorDurationsFile_
2018/09/06 05:56:21.669175 [INFO] readSequencePatternsFile_
2018/09/06 05:56:21.676160 [INFO] AssignTimeIndexPerPattern_
2018/09/06 05:56:21.676270 [INFO] assignDayName_
2018/09/06 05:56:21.676835 [INFO] ../data_sets/aruba/within_day_cluster_result/_1_3/2010-12-09/
2018/09/06 05:56:21.676842 [INFO] readActivityFile_
2018/09/06 05:56:21.684322 [INFO] readDiscoveredPatternsFile_
2018/09/06 05:56:21.684638 [INFO] readSensorDurationsFile_
2018/09/06 05:56:21.755707 [INFO] readSequencePatternsFile_
2018/09/06 05:56:21.762638 [INFO] AssignTimeIndexPerPattern_
2018/09/06 05:56:21.762749 [INFO] assignDayName_
2018/09/06 05:56:21.763276 [INFO] ../data_sets/aruba/within_day_cluster_result/_1_3/2010-12-10/
2018/09/06 05:56:21.763282 [INFO] readActivityFile_
2018/09/06 05:56:21.770405 [INFO] readDiscoveredPatternsFile_
2018/09/06 05:56:21.770631 [INFO] readSensorDurationsFile_
2018/09/06 05:56:21.841199 [INFO] readSequencePatternsFile_
2018/09/06 05:56:21.848137 [INFO] AssignTimeIndexPerPattern_
2018/09/06 05:56:21.848247 [INFO] assignDayName_
2018/09/06 05:56:21.848844 [INFO] ../data_sets/aruba/within_day_cluster_result/_1_3/2010-12-11/
2018/09/06 05:56:21.848851 [INFO] readActivityFile_
2018/09/06 05:56:21.855776 [INFO] readDiscoveredPatternsFile_
2018/09/06 05:56:21.856027 [INFO] readSensorDurationsFile_
2018/09/06 05:56:21.926434 [INFO] readSequencePatternsFile_
2018/09/06 05:56:21.933434 [INFO] AssignTimeIndexPerPattern_
2018/09/06 05:56:21.933543 [INFO] assignDayName_
2018/09/06 05:56:21.934071 [INFO] ../data_sets/aruba/within_day_cluster_result/_1_3/2010-12-12/
2018/09/06 05:56:21.934076 [INFO] readActivityFile_
2018/09/06 05:56:21.941228 [INFO] readDiscoveredPatternsFile_
2018/09/06 05:56:21.941458 [INFO] readSensorDurationsFile_
2018/09/06 05:56:22.011860 [INFO] readSequencePatternsFile_
2018/09/06 05:56:22.018771 [INFO] AssignTimeIndexPerPattern_
2018/09/06 05:56:22.018881 [INFO] assignDayName_
2018/09/06 05:56:22.019408 [INFO] ../data_sets/aruba/within_day_cluster_result/_1_3/2010-12-13/
2018/09/06 05:56:22.019414 [INFO] readActivityFile_
2018/09/06 05:56:22.026476 [INFO] readDiscoveredPatternsFile_
2018/09/06 05:56:22.026790 [INFO] readSensorDurationsFile_
2018/09/06 05:56:22.097280 [INFO] readSequencePatternsFile_
2018/09/06 05:56:22.104217 [INFO] AssignTimeIndexPerPattern_
2018/09/06 05:56:22.104327 [INFO] assignDayName_
2018/09/06 05:56:22.104891 [INFO] ../data_sets/aruba/within_day_cluster_result/_1_3/2010-12-14/
2018/09/06 05:56:22.104898 [INFO] readActivityFile_
2018/09/06 05:56:22.111907 [INFO] readDiscoveredPatternsFile_
2018/09/06 05:56:22.112268 [INFO] readSensorDurationsFile_
2018/09/06 05:56:22.182775 [INFO] readSequencePatternsFile_
2018/09/06 05:56:22.189771 [INFO] AssignTimeIndexPerPattern_
2018/09/06 05:56:22.189881 [INFO] assignDayName_
2018/09/06 05:56:22.190409 [INFO] ../data_sets/aruba/within_day_cluster_result/_1_3/2010-12-15/
2018/09/06 05:56:22.190414 [INFO] readActivityFile_
2018/09/06 05:56:22.197501 [INFO] readDiscoveredPatternsFile_
2018/09/06 05:56:22.197730 [INFO] readSensorDurationsFile_
2018/09/06 05:56:22.268314 [INFO] readSequencePatternsFile_
2018/09/06 05:56:22.275242 [INFO] AssignTimeIndexPerPattern_
2018/09/06 05:56:22.275351 [INFO] assignDayName_
2018/09/06 05:56:22.275879 [INFO] ../data_sets/aruba/within_day_cluster_result/_1_3/2010-12-16/
2018/09/06 05:56:22.275885 [INFO] readActivityFile_
2018/09/06 05:56:22.283030 [INFO] readDiscoveredPatternsFile_
2018/09/06 05:56:22.283275 [INFO] readSensorDurationsFile_
2018/09/06 05:56:22.353673 [INFO] readSequencePatternsFile_
2018/09/06 05:56:22.360625 [INFO] AssignTimeIndexPerPattern_
2018/09/06 05:56:22.360735 [INFO] assignDayName_
2018/09/06 05:56:22.361263 [INFO] ../data_sets/aruba/within_day_cluster_result/_1_3/2010-12-17/
2018/09/06 05:56:22.361269 [INFO] readActivityFile_
2018/09/06 05:56:22.368273 [INFO] readDiscoveredPatternsFile_
2018/09/06 05:56:22.368720 [INFO] readSensorDurationsFile_
2018/09/06 05:56:22.439569 [INFO] readSequencePatternsFile_
2018/09/06 05:56:22.446513 [INFO] AssignTimeIndexPerPattern_
2018/09/06 05:56:22.446623 [INFO] assignDayName_
2018/09/06 05:56:22.447151 [INFO] ../data_sets/aruba/within_day_cluster_result/_1_3/2010-12-18/
2018/09/06 05:56:22.447157 [INFO] readActivityFile_
2018/09/06 05:56:22.454142 [INFO] readDiscoveredPatternsFile_
2018/09/06 05:56:22.454607 [INFO] readSensorDurationsFile_
2018/09/06 05:56:22.525309 [INFO] readSequencePatternsFile_
2018/09/06 05:56:22.532242 [INFO] AssignTimeIndexPerPattern_
2018/09/06 05:56:22.532374 [INFO] assignDayName_
2018/09/06 05:56:22.532917 [INFO] ../data_sets/aruba/within_day_cluster_result/_1_3/2010-12-19/
2018/09/06 05:56:22.532923 [INFO] readActivityFile_
2018/09/06 05:56:22.539924 [INFO] readDiscoveredPatternsFile_
2018/09/06 05:56:22.540319 [INFO] readSensorDurationsFile_
2018/09/06 05:56:22.610945 [INFO] readSequencePatternsFile_
2018/09/06 05:56:22.617905 [INFO] AssignTimeIndexPerPattern_
2018/09/06 05:56:22.618016 [INFO] assignDayName_
2018/09/06 05:56:22.618544 [INFO] ../data_sets/aruba/within_day_cluster_result/_1_3/2010-12-20/
2018/09/06 05:56:22.618550 [INFO] readActivityFile_
2018/09/06 05:56:22.625617 [INFO] readDiscoveredPatternsFile_
2018/09/06 05:56:22.625921 [INFO] readSensorDurationsFile_
2018/09/06 05:56:22.696489 [INFO] readSequencePatternsFile_
2018/09/06 05:56:22.703427 [INFO] AssignTimeIndexPerPattern_
2018/09/06 05:56:22.703536 [INFO] assignDayName_
2018/09/06 05:56:22.704064 [INFO] ../data_sets/aruba/within_day_cluster_result/_1_3/2010-12-21/
2018/09/06 05:56:22.704070 [INFO] readActivityFile_
2018/09/06 05:56:22.711166 [INFO] readDiscoveredPatternsFile_
2018/09/06 05:56:22.711424 [INFO] readSensorDurationsFile_
2018/09/06 05:56:22.781904 [INFO] readSequencePatternsFile_
2018/09/06 05:56:22.788870 [INFO] AssignTimeIndexPerPattern_
2018/09/06 05:56:22.788980 [INFO] assignDayName_
2018/09/06 05:56:22.789579 [INFO] ../data_sets/aruba/within_day_cluster_result/_1_3/2010-12-22/
2018/09/06 05:56:22.789585 [INFO] readActivityFile_
2018/09/06 05:56:22.796727 [INFO] readDiscoveredPatternsFile_
2018/09/06 05:56:22.796982 [INFO] readSensorDurationsFile_
2018/09/06 05:56:22.867565 [INFO] readSequencePatternsFile_
2018/09/06 05:56:22.874498 [INFO] AssignTimeIndexPerPattern_
2018/09/06 05:56:22.874608 [INFO] assignDayName_
2018/09/06 05:56:22.875135 [INFO] ../data_sets/aruba/within_day_cluster_result/_1_3/2010-12-23/
2018/09/06 05:56:22.875141 [INFO] readActivityFile_
2018/09/06 05:56:22.881999 [INFO] readDiscoveredPatternsFile_
2018/09/06 05:56:22.882504 [INFO] readSensorDurationsFile_
2018/09/06 05:56:22.953162 [INFO] readSequencePatternsFile_
2018/09/06 05:56:22.960124 [INFO] AssignTimeIndexPerPattern_
2018/09/06 05:56:22.960234 [INFO] assignDayName_
2018/09/06 05:56:22.960799 [INFO] ../data_sets/aruba/within_day_cluster_result/_1_3/2010-12-24/
2018/09/06 05:56:22.960805 [INFO] readActivityFile_
2018/09/06 05:56:22.968005 [INFO] readDiscoveredPatternsFile_
2018/09/06 05:56:22.968273 [INFO] readSensorDurationsFile_
2018/09/06 05:56:23.039014 [INFO] readSequencePatternsFile_
2018/09/06 05:56:23.045927 [INFO] AssignTimeIndexPerPattern_
2018/09/06 05:56:23.046036 [INFO] assignDayName_
2018/09/06 05:56:23.046571 [INFO] ../data_sets/aruba/within_day_cluster_result/_1_3/2010-12-25/
2018/09/06 05:56:23.046577 [INFO] readActivityFile_
2018/09/06 05:56:23.053655 [INFO] readDiscoveredPatternsFile_
2018/09/06 05:56:23.053953 [INFO] readSensorDurationsFile_
2018/09/06 05:56:23.124545 [INFO] readSequencePatternsFile_
2018/09/06 05:56:23.131460 [INFO] AssignTimeIndexPerPattern_
2018/09/06 05:56:23.131570 [INFO] assignDayName_
2018/09/06 05:56:23.132097 [INFO] ../data_sets/aruba/within_day_cluster_result/_1_3/2010-12-26/
2018/09/06 05:56:23.132103 [INFO] readActivityFile_
2018/09/06 05:56:23.139174 [INFO] readDiscoveredPatternsFile_
2018/09/06 05:56:23.139413 [INFO] readSensorDurationsFile_
2018/09/06 05:56:23.211206 [INFO] readSequencePatternsFile_
2018/09/06 05:56:23.218223 [INFO] AssignTimeIndexPerPattern_
2018/09/06 05:56:23.218334 [INFO] assignDayName_
2018/09/06 05:56:23.218863 [INFO] ../data_sets/aruba/within_day_cluster_result/_1_3/2010-12-27/
2018/09/06 05:56:23.218869 [INFO] readActivityFile_
2018/09/06 05:56:23.225312 [INFO] readDiscoveredPatternsFile_
2018/09/06 05:56:23.225796 [INFO] readSensorDurationsFile_
2018/09/06 05:56:23.296513 [INFO] readSequencePatternsFile_
2018/09/06 05:56:23.303418 [INFO] AssignTimeIndexPerPattern_
2018/09/06 05:56:23.303528 [INFO] assignDayName_
2018/09/06 05:56:23.304056 [INFO] ../data_sets/aruba/within_day_cluster_result/_1_3/2010-12-28/
2018/09/06 05:56:23.304062 [INFO] readActivityFile_
2018/09/06 05:56:23.310747 [INFO] readDiscoveredPatternsFile_
2018/09/06 05:56:23.311352 [INFO] readSensorDurationsFile_
2018/09/06 05:56:23.382124 [INFO] readSequencePatternsFile_
2018/09/06 05:56:23.389102 [INFO] AssignTimeIndexPerPattern_
2018/09/06 05:56:23.389213 [INFO] assignDayName_
2018/09/06 05:56:23.389742 [INFO] ../data_sets/aruba/within_day_cluster_result/_1_3/2010-12-29/
2018/09/06 05:56:23.389748 [INFO] readActivityFile_
2018/09/06 05:56:23.396597 [INFO] readDiscoveredPatternsFile_
2018/09/06 05:56:23.397195 [INFO] readSensorDurationsFile_
2018/09/06 05:56:23.468028 [INFO] readSequencePatternsFile_
2018/09/06 05:56:23.474971 [INFO] AssignTimeIndexPerPattern_
2018/09/06 05:56:23.475081 [INFO] assignDayName_
2018/09/06 05:56:23.475608 [INFO] ../data_sets/aruba/within_day_cluster_result/_1_3/2010-12-30/
2018/09/06 05:56:23.475614 [INFO] readActivityFile_
2018/09/06 05:56:23.482157 [INFO] readDiscoveredPatternsFile_
2018/09/06 05:56:23.482857 [INFO] readSensorDurationsFile_
2018/09/06 05:56:23.551992 [INFO] readSequencePatternsFile_
2018/09/06 05:56:23.558811 [INFO] AssignTimeIndexPerPattern_
2018/09/06 05:56:23.558918 [INFO] assignDayName_
2018/09/06 05:56:23.559417 [INFO] ../data_sets/aruba/within_day_cluster_result/_1_3/2010-12-31/
2018/09/06 05:56:23.559423 [INFO] readActivityFile_
2018/09/06 05:56:23.566380 [INFO] readDiscoveredPatternsFile_
2018/09/06 05:56:23.566672 [INFO] readSensorDurationsFile_
2018/09/06 05:56:23.635505 [INFO] readSequencePatternsFile_
2018/09/06 05:56:23.642085 [INFO] AssignTimeIndexPerPattern_
2018/09/06 05:56:23.642189 [INFO] assignDayName_
2018/09/06 05:56:23.642690 [INFO] ../data_sets/aruba/within_day_cluster_result/_1_3/2011-01-01/
2018/09/06 05:56:23.642695 [INFO] readActivityFile_
2018/09/06 05:56:23.649580 [INFO] readDiscoveredPatternsFile_
2018/09/06 05:56:23.649862 [INFO] readSensorDurationsFile_
2018/09/06 05:56:23.718186 [INFO] readSequencePatternsFile_
2018/09/06 05:56:23.725018 [INFO] AssignTimeIndexPerPattern_
2018/09/06 05:56:23.725122 [INFO] assignDayName_
2018/09/06 05:56:23.725623 [INFO] ../data_sets/aruba/within_day_cluster_result/_1_3/2011-01-02/
2018/09/06 05:56:23.725628 [INFO] readActivityFile_
2018/09/06 05:56:23.732205 [INFO] readDiscoveredPatternsFile_
2018/09/06 05:56:23.732516 [INFO] readSensorDurationsFile_
2018/09/06 05:56:23.801150 [INFO] readSequencePatternsFile_
2018/09/06 05:56:23.807720 [INFO] AssignTimeIndexPerPattern_
2018/09/06 05:56:23.807824 [INFO] assignDayName_
2018/09/06 05:56:23.808418 [INFO] ../data_sets/aruba/within_day_cluster_result/_1_3/2011-01-03/
2018/09/06 05:56:23.808425 [INFO] readActivityFile_
2018/09/06 05:56:23.815110 [INFO] readDiscoveredPatternsFile_
2018/09/06 05:56:23.815382 [INFO] readSensorDurationsFile_
2018/09/06 05:56:23.883863 [INFO] readSequencePatternsFile_
2018/09/06 05:56:23.890594 [INFO] AssignTimeIndexPerPattern_
2018/09/06 05:56:23.890699 [INFO] assignDayName_
2018/09/06 05:56:23.891267 [INFO] ../data_sets/aruba/within_day_cluster_result/_1_3/2011-01-04/
2018/09/06 05:56:23.891273 [INFO] readActivityFile_
2018/09/06 05:56:23.898149 [INFO] readDiscoveredPatternsFile_
2018/09/06 05:56:23.898573 [INFO] readSensorDurationsFile_
2018/09/06 05:56:23.967631 [INFO] readSequencePatternsFile_
2018/09/06 05:56:23.974307 [INFO] AssignTimeIndexPerPattern_
2018/09/06 05:56:23.974412 [INFO] assignDayName_
2018/09/06 05:56:23.974912 [INFO] ../data_sets/aruba/within_day_cluster_result/_1_3/2011-01-05/
2018/09/06 05:56:23.974917 [INFO] readActivityFile_
2018/09/06 05:56:23.981652 [INFO] readDiscoveredPatternsFile_
2018/09/06 05:56:23.981918 [INFO] readSensorDurationsFile_
2018/09/06 05:56:24.051005 [INFO] readSequencePatternsFile_
2018/09/06 05:56:24.057764 [INFO] AssignTimeIndexPerPattern_
2018/09/06 05:56:24.057870 [INFO] assignDayName_
2018/09/06 05:56:24.058370 [INFO] ../data_sets/aruba/within_day_cluster_result/_1_3/2011-01-06/
2018/09/06 05:56:24.058376 [INFO] readActivityFile_
2018/09/06 05:56:24.065333 [INFO] readDiscoveredPatternsFile_
2018/09/06 05:56:24.065526 [INFO] readSensorDurationsFile_
2018/09/06 05:56:24.134377 [INFO] readSequencePatternsFile_
2018/09/06 05:56:24.141129 [INFO] AssignTimeIndexPerPattern_
2018/09/06 05:56:24.141234 [INFO] assignDayName_
2018/09/06 05:56:24.141735 [INFO] ../data_sets/aruba/within_day_cluster_result/_1_3/2011-01-07/
2018/09/06 05:56:24.141740 [INFO] readActivityFile_
2018/09/06 05:56:24.148611 [INFO] readDiscoveredPatternsFile_
2018/09/06 05:56:24.148855 [INFO] readSensorDurationsFile_
2018/09/06 05:56:24.217626 [INFO] readSequencePatternsFile_
2018/09/06 05:56:24.224236 [INFO] AssignTimeIndexPerPattern_
2018/09/06 05:56:24.224367 [INFO] assignDayName_
2018/09/06 05:56:24.224883 [INFO] ../data_sets/aruba/within_day_cluster_result/_1_3/2011-01-08/
2018/09/06 05:56:24.224889 [INFO] readActivityFile_
2018/09/06 05:56:24.231654 [INFO] readDiscoveredPatternsFile_
2018/09/06 05:56:24.231879 [INFO] readSensorDurationsFile_
2018/09/06 05:56:24.300608 [INFO] readSequencePatternsFile_
2018/09/06 05:56:24.307331 [INFO] AssignTimeIndexPerPattern_
2018/09/06 05:56:24.307436 [INFO] assignDayName_
2018/09/06 05:56:24.307986 [INFO] ../data_sets/aruba/within_day_cluster_result/_1_3/2011-01-09/
2018/09/06 05:56:24.307992 [INFO] readActivityFile_
2018/09/06 05:56:24.314655 [INFO] readDiscoveredPatternsFile_
2018/09/06 05:56:24.314919 [INFO] readSensorDurationsFile_
2018/09/06 05:56:24.383574 [INFO] readSequencePatternsFile_
2018/09/06 05:56:24.390327 [INFO] AssignTimeIndexPerPattern_
2018/09/06 05:56:24.390432 [INFO] assignDayName_
2018/09/06 05:56:24.390989 [INFO] ../data_sets/aruba/within_day_cluster_result/_1_3/2011-01-10/
2018/09/06 05:56:24.390995 [INFO] readActivityFile_
2018/09/06 05:56:24.397664 [INFO] readDiscoveredPatternsFile_
2018/09/06 05:56:24.397900 [INFO] readSensorDurationsFile_
2018/09/06 05:56:24.467055 [INFO] readSequencePatternsFile_
2018/09/06 05:56:24.473716 [INFO] AssignTimeIndexPerPattern_
2018/09/06 05:56:24.473821 [INFO] assignDayName_
2018/09/06 05:56:24.474322 [INFO] ../data_sets/aruba/within_day_cluster_result/_1_3/2011-01-11/
2018/09/06 05:56:24.474327 [INFO] readActivityFile_
2018/09/06 05:56:24.481139 [INFO] readDiscoveredPatternsFile_
2018/09/06 05:56:24.481428 [INFO] readSensorDurationsFile_
2018/09/06 05:56:24.550298 [INFO] readSequencePatternsFile_
2018/09/06 05:56:24.557431 [INFO] AssignTimeIndexPerPattern_
2018/09/06 05:56:24.557548 [INFO] assignDayName_
2018/09/06 05:56:24.558109 [INFO] ../data_sets/aruba/within_day_cluster_result/_1_3/2011-01-12/
2018/09/06 05:56:24.558116 [INFO] readActivityFile_
2018/09/06 05:56:24.565360 [INFO] readDiscoveredPatternsFile_
2018/09/06 05:56:24.565635 [INFO] readSensorDurationsFile_
2018/09/06 05:56:24.649947 [INFO] readSequencePatternsFile_
2018/09/06 05:56:24.658841 [INFO] AssignTimeIndexPerPattern_
2018/09/06 05:56:24.658982 [INFO] assignDayName_
2018/09/06 05:56:24.659661 [INFO] ../data_sets/aruba/within_day_cluster_result/_1_3/2011-01-13/
2018/09/06 05:56:24.659669 [INFO] readActivityFile_
2018/09/06 05:56:24.668747 [INFO] readDiscoveredPatternsFile_
2018/09/06 05:56:24.669111 [INFO] readSensorDurationsFile_
2018/09/06 05:56:24.762682 [INFO] readSequencePatternsFile_
2018/09/06 05:56:24.771922 [INFO] AssignTimeIndexPerPattern_
2018/09/06 05:56:24.772070 [INFO] assignDayName_
2018/09/06 05:56:24.772780 [INFO] ../data_sets/aruba/within_day_cluster_result/_1_3/2011-01-14/
2018/09/06 05:56:24.772790 [INFO] readActivityFile_
2018/09/06 05:56:24.782237 [INFO] readDiscoveredPatternsFile_
2018/09/06 05:56:24.782588 [INFO] readSensorDurationsFile_
2018/09/06 05:56:24.875494 [INFO] readSequencePatternsFile_
2018/09/06 05:56:24.884390 [INFO] AssignTimeIndexPerPattern_
2018/09/06 05:56:24.884532 [INFO] assignDayName_
2018/09/06 05:56:24.885210 [INFO] ../data_sets/aruba/within_day_cluster_result/_1_3/2011-01-15/
2018/09/06 05:56:24.885218 [INFO] readActivityFile_
2018/09/06 05:56:24.894248 [INFO] readDiscoveredPatternsFile_
2018/09/06 05:56:24.894824 [INFO] readSensorDurationsFile_
2018/09/06 05:56:24.987077 [INFO] readSequencePatternsFile_
2018/09/06 05:56:24.995988 [INFO] AssignTimeIndexPerPattern_
2018/09/06 05:56:24.996130 [INFO] assignDayName_
2018/09/06 05:56:24.996812 [INFO] ../data_sets/aruba/within_day_cluster_result/_1_3/2011-01-16/
2018/09/06 05:56:24.996822 [INFO] readActivityFile_
2018/09/06 05:56:25.005331 [INFO] readDiscoveredPatternsFile_
2018/09/06 05:56:25.005854 [INFO] readSensorDurationsFile_
2018/09/06 05:56:25.097924 [INFO] readSequencePatternsFile_
2018/09/06 05:56:25.106857 [INFO] AssignTimeIndexPerPattern_
2018/09/06 05:56:25.106999 [INFO] assignDayName_
2018/09/06 05:56:25.107679 [INFO] ../data_sets/aruba/within_day_cluster_result/_1_3/2011-01-17/
2018/09/06 05:56:25.107691 [INFO] readActivityFile_
2018/09/06 05:56:25.116692 [INFO] readDiscoveredPatternsFile_
2018/09/06 05:56:25.117134 [INFO] readSensorDurationsFile_
2018/09/06 05:56:25.209134 [INFO] readSequencePatternsFile_
2018/09/06 05:56:25.218032 [INFO] AssignTimeIndexPerPattern_
2018/09/06 05:56:25.218174 [INFO] assignDayName_
2018/09/06 05:56:25.218855 [INFO] ../data_sets/aruba/within_day_cluster_result/_1_3/2011-01-18/
2018/09/06 05:56:25.218862 [INFO] readActivityFile_
2018/09/06 05:56:25.228177 [INFO] readDiscoveredPatternsFile_
2018/09/06 05:56:25.228877 [INFO] readSensorDurationsFile_
2018/09/06 05:56:25.320966 [INFO] readSequencePatternsFile_
2018/09/06 05:56:25.330233 [INFO] AssignTimeIndexPerPattern_
2018/09/06 05:56:25.330379 [INFO] assignDayName_
2018/09/06 05:56:25.331083 [INFO] ../data_sets/aruba/within_day_cluster_result/_1_3/2011-01-19/
2018/09/06 05:56:25.331091 [INFO] readActivityFile_
2018/09/06 05:56:25.340460 [INFO] readDiscoveredPatternsFile_
2018/09/06 05:56:25.340776 [INFO] readSensorDurationsFile_
2018/09/06 05:56:25.433017 [INFO] readSequencePatternsFile_
2018/09/06 05:56:25.441916 [INFO] AssignTimeIndexPerPattern_
2018/09/06 05:56:25.442058 [INFO] assignDayName_
2018/09/06 05:56:25.442737 [INFO] ../data_sets/aruba/within_day_cluster_result/_1_3/2011-01-20/
2018/09/06 05:56:25.442744 [INFO] readActivityFile_
2018/09/06 05:56:25.451690 [INFO] readDiscoveredPatternsFile_
2018/09/06 05:56:25.451994 [INFO] readSensorDurationsFile_
2018/09/06 05:56:25.543784 [INFO] readSequencePatternsFile_
2018/09/06 05:56:25.552712 [INFO] AssignTimeIndexPerPattern_
2018/09/06 05:56:25.552854 [INFO] assignDayName_
2018/09/06 05:56:25.553531 [INFO] ../data_sets/aruba/within_day_cluster_result/_1_3/2011-01-21/
2018/09/06 05:56:25.553539 [INFO] readActivityFile_
2018/09/06 05:56:25.562570 [INFO] readDiscoveredPatternsFile_
2018/09/06 05:56:25.562931 [INFO] readSensorDurationsFile_
2018/09/06 05:56:25.654804 [INFO] readSequencePatternsFile_
2018/09/06 05:56:25.663726 [INFO] AssignTimeIndexPerPattern_
2018/09/06 05:56:25.663868 [INFO] assignDayName_
2018/09/06 05:56:25.664563 [INFO] ../data_sets/aruba/within_day_cluster_result/_1_3/2011-01-22/
2018/09/06 05:56:25.664572 [INFO] readActivityFile_
2018/09/06 05:56:25.673769 [INFO] readDiscoveredPatternsFile_
2018/09/06 05:56:25.674341 [INFO] readSensorDurationsFile_
2018/09/06 05:56:25.766219 [INFO] readSequencePatternsFile_
2018/09/06 05:56:25.775457 [INFO] AssignTimeIndexPerPattern_
2018/09/06 05:56:25.775604 [INFO] assignDayName_
2018/09/06 05:56:25.776306 [INFO] ../data_sets/aruba/within_day_cluster_result/_1_3/2011-01-23/
2018/09/06 05:56:25.776314 [INFO] readActivityFile_
2018/09/06 05:56:25.785851 [INFO] readDiscoveredPatternsFile_
2018/09/06 05:56:25.786166 [INFO] readSensorDurationsFile_
2018/09/06 05:56:25.878496 [INFO] readSequencePatternsFile_
2018/09/06 05:56:25.887636 [INFO] AssignTimeIndexPerPattern_
2018/09/06 05:56:25.887777 [INFO] assignDayName_
2018/09/06 05:56:25.888463 [INFO] ../data_sets/aruba/within_day_cluster_result/_1_3/2011-01-24/
2018/09/06 05:56:25.888471 [INFO] readActivityFile_
2018/09/06 05:56:25.897563 [INFO] readDiscoveredPatternsFile_
2018/09/06 05:56:25.897914 [INFO] readSensorDurationsFile_
2018/09/06 05:56:25.989876 [INFO] readSequencePatternsFile_
2018/09/06 05:56:25.998752 [INFO] AssignTimeIndexPerPattern_
2018/09/06 05:56:25.998893 [INFO] assignDayName_
2018/09/06 05:56:25.999572 [INFO] ../data_sets/aruba/within_day_cluster_result/_1_3/2011-01-25/
2018/09/06 05:56:25.999580 [INFO] readActivityFile_
2018/09/06 05:56:26.008848 [INFO] readDiscoveredPatternsFile_
2018/09/06 05:56:26.009474 [INFO] readSensorDurationsFile_
2018/09/06 05:56:26.101630 [INFO] readSequencePatternsFile_
2018/09/06 05:56:26.110551 [INFO] AssignTimeIndexPerPattern_
2018/09/06 05:56:26.110694 [INFO] assignDayName_
2018/09/06 05:56:26.111371 [INFO] ../data_sets/aruba/within_day_cluster_result/_1_3/2011-01-26/
2018/09/06 05:56:26.111379 [INFO] readActivityFile_
2018/09/06 05:56:26.119825 [INFO] readDiscoveredPatternsFile_
2018/09/06 05:56:26.120156 [INFO] readSensorDurationsFile_
2018/09/06 05:56:26.213463 [INFO] readSequencePatternsFile_
2018/09/06 05:56:26.222831 [INFO] AssignTimeIndexPerPattern_
2018/09/06 05:56:26.222986 [INFO] assignDayName_
2018/09/06 05:56:26.223690 [INFO] ../data_sets/aruba/within_day_cluster_result/_1_3/2011-01-27/
2018/09/06 05:56:26.223699 [INFO] readActivityFile_
2018/09/06 05:56:26.233110 [INFO] readDiscoveredPatternsFile_
2018/09/06 05:56:26.233456 [INFO] readSensorDurationsFile_
2018/09/06 05:56:26.326770 [INFO] readSequencePatternsFile_
2018/09/06 05:56:26.336024 [INFO] AssignTimeIndexPerPattern_
2018/09/06 05:56:26.336170 [INFO] assignDayName_
2018/09/06 05:56:26.336880 [INFO] ../data_sets/aruba/within_day_cluster_result/_1_3/2011-01-28/
2018/09/06 05:56:26.336889 [INFO] readActivityFile_
2018/09/06 05:56:26.346358 [INFO] readDiscoveredPatternsFile_
2018/09/06 05:56:26.346932 [INFO] readSensorDurationsFile_
2018/09/06 05:56:26.439131 [INFO] readSequencePatternsFile_
2018/09/06 05:56:26.448350 [INFO] AssignTimeIndexPerPattern_
2018/09/06 05:56:26.448497 [INFO] assignDayName_
